210 0 7 69 1 1 82 1 1 0
230 0 7 1000 0 0 82 1 0 2
231 0 7 1000 0 0 82 0 0 2
232 0 7 73 2 0 82 0 0 2
233 0 7 1000 0 0 82 0 0 2
234 0 7 1000 0 0 82 1 0 2
235 0 7 1000 0 0 82 1 0 2
310 1 4 66 1 0 85 1 1 0
320 1 4 73 1 1 85 1 0 1
330 1 4 77 1 0 85 1 0 1
331 1 4 76 1 0 85 1 0 1
410 2 8 76 1 0 92 1 1 0
420 2 8 84 1 1 92 1 0 1
421 2 8 84 2 1 92 1 0 1
430 2 8 78 2 0 92 0 0 1
431 2 8 79 1 0 92 0 0 1
432 2 8 81 1 0 92 0 0 1
433 2 8 85 2 0 92 0 0 1
434 2 8 1000 0 0 92 0 0 1
510 3 4 54 2 0 63 1 1 0
520 3 4 1000 0 1 63 1 0 2
530 3 4 1000 0 0 62 1 0 2
531 3 4 1000 0 0 62 1 0 2
710 4 5 47 2 0 61 1 1 0
720 4 5 1000 0 0 61 1 0 2
730 4 5 1000 0 0 61 1 0 2
731 4 5 1000 0 0 61 1 0 2
732 4 5 1000 0 0 61 1 0 2
910 5 2 56 1 0 65 1 1 0
920 5 2 1000 0 0 65 1 0 1
1110 6 6 55 1 0 67 1 1 0
1120 6 6 1000 0 0 67 1 0 1
1130 6 6 57 2 0 67 0 0 0
1131 6 6 57 2 0 67 0 0 0
1132 6 6 57 2 0 67 0 0 0
1133 6 6 56 1 0 67 0 0 0
1310 7 4 61 2 0 69 1 1 0
1320 7 4 1000 -1 0 69 1 0 1
1330 7 4 1000 0 0 69 1 0 1
1331 7 4 1000 0 0 69 1 0 1
1510 8 8 63 1 0 72 1 1 0
1520 8 8 1000 0 1 71 1 0 2
1530 8 8 1000 0 0 71 1 0 2
1531 8 8 1000 0 0 71 1 0 2
1532 8 8 1000 0 0 71 1 0 2
1533 8 8 1000 0 0 71 1 0 2
1534 8 8 1000 0 0 71 0 0 2
1535 8 8 71 1 0 72 0 0 2
1710 9 4 63 1 0 79 1 1 0
1720 9 4 1000 0 1 75 1 0 2
1730 9 4 1000 0 0 79 1 0 2
1731 9 4 67 1 0 79 1 0 2
2010 10 3 66 1 0 79 1 1 0
2020 10 3 73 1 1 79 1 0 2
2030 10 3 1000 0 0 71 1 0 2
2110 11 4 52 1 0 78 1 1 0
2120 11 4 1000 0 0 71 1 0 2
2130 11 4 1000 0 0 62 1 0 2
2131 11 4 78 1 0 88 1 0 1
2220 12 4 1000 0 1 69 1 0 2
2230 12 4 1000 0 0 70 1 0 2
2231 12 4 59 1 0 70 1 0 2
2232 12 4 54 1 0 70 1 1 0
2310 13 2 66 1 0 70 1 1 0
2320 13 2 1000 0 1 70 1 0 2
2410 14 5 68 1 0 76 1 1 2
2420 14 5 1000 0 1 76 1 0 1
2431 14 5 1000 0 0 76 0 0 2
2432 14 5 1000 0 0 76 0 0 2
2433 14 5 1000 0 0 76 0 0 2
2610 15 5 60 1 0 69 1 1 0
2620 15 5 1000 0 1 69 1 0 2
2630 15 5 61 1 0 69 1 0 2
2631 15 5 1000 -1 0 69 1 0 2
2632 15 5 1000 0 0 67 1 0 2
2910 16 5 80 1 0 91 1 1 0
2920 16 5 1000 0 1 89 1 0 2
2930 16 5 1000 0 1 91 1 0 2
2931 16 5 1000 0 1 91 1 0 2
2932 16 5 1000 0 0 91 1 0 2
3010 17 3 73 2 0 88 0 1 0
3020 17 3 1000 0 1 78 1 0 0
3030 17 3 75 1 0 88 1 0 0
3110 18 4 69 1 0 74 1 1 0
3120 18 4 1000 0 1 74 1 0 2
3130 18 4 1000 0 1 74 1 0 2
3131 18 4 1000 0 0 74 0 0 2
3210 19 4 59 1 0 93 1 1 0
3220 19 4 1000 0 1 86 1 0 0
3230 19 4 1000 0 0 93 0 0 0
3231 19 4 75 2 0 93 0 0 0
3410 20 2 69 1 0 84 1 1 0
3420 20 2 1000 0 1 84 1 0 2
3510 21 4 73 2 0 82 1 1 0
3520 21 4 1000 0 1 80 1 0 2
3530 21 4 1000 0 0 82 1 0 2
3531 21 4 1000 0 0 82 1 0 2
3610 22 2 79 1 0 88 1 1 0
3620 22 2 1000 0 1 88 1 0 2
3710 23 5 64 1 0 104 0 1 0
3720 23 5 1000 0 1 99 1 0 0
3730 23 5 1000 0 0 104 1 0 0
3731 23 5 1000 0 0 104 0 0 1
3732 23 5 1000 0 0 104 0 0 0
3810 24 4 94 2 0 111 0 1 0
3820 24 4 1000 0 1 110 1 0 0
3830 24 4 1000 0 1 102 1 0 0
3831 24 4 1000 0 0 111 0 0 0
3910 25 5 62 1 0 78 1 1 0
3920 25 5 1000 0 1 78 1 0 2
3930 25 5 64 1 0 78 1 0 2
3931 25 5 1000 0 0 76 0 0 2
3932 25 5 66 2 0 78 0 0 2
4310 26 2 61 2 0 68 1 1 0
4320 26 2 1000 0 1 68 1 0 1
4510 27 2 47 1 0 68 1 1 0
4520 27 2 1000 0 0 68 1 0 0
4710 28 4 61 2 0 71 0 1 0
4720 28 4 1000 0 1 71 1 0 0
4730 28 4 1000 0 0 68 1 0 2
4731 28 4 1000 0 0 68 0 0 2
4810 29 7 60 1 0 68 1 1 2
4820 29 7 1000 0 1 68 1 0 2
4831 29 7 62 1 0 68 1 0 2
4832 29 7 62 1 0 68 0 0 2
4833 29 7 1000 0 0 61 1 0 2
4834 29 7 1000 0 0 61 1 0 2
4835 29 7 1000 0 0 61 0 0 2
4910 30 3 62 1 0 75 1 1 0
4920 30 3 68 2 1 75 1 0 0
4930 30 3 62 1 0 75 1 0 0
5510 31 4 71 1 0 76 0 1 0
5520 31 4 1000 0 1 76 1 0 2
5530 31 4 1000 0 0 75 1 0 2
5531 31 4 1000 0 0 75 0 0 2
5610 32 5 69 1 0 82 1 1 0
5620 32 5 1000 0 1 82 1 0 2
5621 32 5 1000 0 1 76 1 0 2
5630 32 5 1000 0 0 81 1 0 2
5631 32 5 1000 0 0 81 1 0 2
6010 33 3 71 2 0 84 0 1 0
6020 33 3 75 2 1 84 1 0 0
6030 33 3 1000 0 0 76 1 0 2
6110 34 6 82 1 0 100 1 1 0
6120 34 6 87 2 1 100 1 0 0
6130 34 6 1000 0 1 90 1 0 0
6131 34 6 85 1 0 100 0 0 0
6132 34 6 85 1 0 100 0 0 0
6133 34 6 85 1 0 100 0 0 0
6310 35 3 82 1 0 97 0 1 0
6320 35 3 88 1 1 97 1 0 0
6330 35 3 1000 0 0 97 1 0 1
6410 36 5 81 1 0 96 1 1 0
6420 36 5 1000 0 1 96 1 0 1
6430 36 5 1000 0 0 91 1 0 2
6431 36 5 1000 0 0 91 0 0 2
6432 36 5 93 1 0 96 0 0 2
6610 37 5 83 2 0 91 0 1 0
6620 37 5 1000 0 1 91 1 0 0
6630 37 5 1000 0 0 91 1 0 0
6631 37 5 1000 0 0 91 0 0 0
6632 37 5 83 2 0 91 0 0 0
6910 38 4 90 2 0 99 0 1 0
6920 38 4 1000 0 1 98 1 0 2
6930 38 4 1000 0 1 99 1 0 2
6931 38 4 1000 0 1 99 1 0 2
8010 39 4 87 2 0 102 0 1 0
8020 39 4 91 2 1 102 1 0 0
8030 39 4 1000 0 1 93 1 0 0
8031 39 4 89 1 0 102 0 0 0
8110 40 4 88 1 0 109 1 1 0
8120 40 4 99 1 1 109 1 0 1
8130 40 4 97 3 0 109 1 0 1
8131 40 4 93 2 0 109 1 0 2
8310 41 3 101 1 1 108 1 1 0
8330 41 3 1000 0 1 108 1 0 1
8331 41 3 1000 0 0 108 0 0 1
8410 42 4 99 1 1 108 1 1 0
8430 42 4 1000 0 1 108 1 0 1
8431 42 4 1000 0 0 108 0 0 1
8432 42 4 1000 0 0 108 0 0 1
8510 43 2 92 1 0 111 1 1 0
8520 43 2 97 1 1 111 1 0 1
8610 44 4 96 1 0 110 1 1 0
8630 44 4 1000 0 0 107 1 0 2
8631 44 4 92 1 0 110 1 0 2
8632 44 4 99 1 0 110 1 0 2
8810 45 3 109 1 1 110 1 1 0
8830 45 3 1000 0 0 110 1 0 0
8831 45 3 1000 0 1 110 1 0 0
8910 46 5 102 1 0 115 1 0 0
8920 46 5 101 1 0 115 1 1 0
8930 46 5 1000 0 0 114 0 0 0
8931 46 5 114 2 0 115 0 0 0
8932 46 5 1000 0 0 114 0 0 0
9010 47 6 99 1 0 107 0 1 0
9020 47 6 1000 0 1 106 1 0 2
9021 47 6 1000 0 1 107 1 0 2
9030 47 6 100 1 1 107 1 0 2
9031 47 6 100 1 0 107 1 0 2
9032 47 6 102 1 0 107 0 0 2
9110 48 5 44 1 0 54 1 1 0
9120 48 5 39 1 0 54 1 0 1
9121 48 5 52 1 0 54 1 0 1
9122 48 5 52 1 0 54 1 0 1
9123 48 5 47 1 0 54 0 0 1
9210 49 2 46 1 0 56 1 1 0
9230 49 2 1000 0 0 56 1 0 2
9310 50 4 48 1 0 57 1 1 0
9330 50 4 1000 0 0 57 1 0 2
9331 50 4 1000 0 0 57 1 0 2
9332 50 4 1000 0 0 57 1 0 2
9410 51 2 43 1 0 57 1 1 0
9420 51 2 47 2 0 57 1 0 0
9710 52 3 48 1 0 61 1 1 0
9730 52 3 49 2 0 61 0 0 0
9731 52 3 50 2 0 61 1 0 0
10210 53 8 48 1 0 61 1 0 0
10230 53 8 49 1 0 61 1 0 0
10231 53 8 49 1 0 61 1 0 0
10232 53 8 49 2 0 61 1 0 0
10234 53 8 58 2 0 61 1 0 0
10235 53 8 48 1 0 61 1 1 0
10236 53 8 1000 0 0 57 1 0 0
10237 53 8 1000 0 0 57 1 0 0
10310 54 4 42 1 0 59 1 1 0
10320 54 4 43 1 0 59 1 0 1
10330 54 4 49 1 0 59 0 0 2
10331 54 4 47 2 0 59 1 0 2
10520 55 2 45 1 0 59 1 1 0
10530 55 2 49 2 0 59 1 0 0
10710 56 6 46 1 0 59 1 1 0
10720 56 6 48 1 0 59 1 0 1
10730 56 6 48 1 0 59 1 0 1
10731 56 6 48 1 0 59 1 0 1
10732 56 6 48 1 0 59 1 0 1
10733 56 6 53 1 0 59 0 0 1
10810 57 6 46 1 0 58 1 1 0
10830 57 6 58 2 0 68 1 0 0
10831 57 6 1000 0 0 58 1 0 2
10832 57 6 1000 0 0 58 1 0 2
10833 57 6 1000 0 0 58 0 0 2
10834 57 6 50 1 0 58 0 0 0
11010 58 3 50 1 0 74 1 1 0
11011 58 3 50 1 0 74 1 1 0
11030 58 3 1000 0 0 74 0 0 0
11110 59 3 52 1 0 56 1 1 1
11130 59 3 1000 0 0 56 1 0 1
11131 59 3 1000 0 0 56 1 0 1
11210 60 3 52 1 0 62 1 0 0
11230 60 3 52 1 0 62 1 1 0
11231 60 3 51 2 0 62 0 0 0
11310 61 5 48 1 0 62 1 1 0
11320 61 5 1000 0 0 61 1 0 2
11321 61 5 1000 0 0 62 1 0 2
11322 61 5 1000 0 0 61 1 0 2
11323 61 5 1000 0 0 61 1 0 2
11710 62 5 47 1 0 86 1 1 0
11730 62 5 50 2 0 86 1 0 2
11731 62 5 1000 0 0 83 0 0 2
11732 62 5 1000 0 0 86 0 0 2
11733 62 5 68 2 0 86 0 0 2
11810 63 3 51 1 0 62 1 1 0
11830 63 3 1000 0 1 61 1 0 1
11831 63 3 52 2 0 62 1 0 1
11910 64 5 49 1 0 62 1 1 0
11920 64 5 51 2 1 62 1 0 0
11930 64 5 1000 0 0 60 1 0 0
11931 64 5 1000 0 0 62 1 0 0
11932 64 5 1000 0 0 62 0 0 0
12010 65 3 50 1 0 62 1 1 0
12030 65 3 1000 0 0 58 1 0 1
12031 65 3 1000 -1 0 62 1 0 1
12110 66 5 44 1 0 62 1 1 0
12120 66 5 62 1 0 72 1 0 2
12130 66 5 1000 0 0 56 1 0 2
12131 66 5 1000 0 0 56 1 0 2
12132 66 5 43 1 0 62 0 0 2
12310 67 2 52 1 0 63 1 1 0
12320 67 2 1000 0 0 63 1 0 2
12410 68 3 50 1 0 61 1 1 0
12430 68 3 1000 0 0 61 1 0 2
12431 68 3 1000 0 0 61 0 0 2
12510 69 5 50 1 0 64 1 1 0
12520 69 5 50 2 0 64 1 0 0
12530 69 5 1000 0 0 57 0 0 0
12531 69 5 57 2 0 64 0 0 0
12532 69 5 1000 0 0 57 0 0 0
12710 70 6 41 1 0 64 1 1 0
12720 70 6 49 1 0 64 1 0 2
12721 70 6 46 1 0 64 1 0 2
12730 70 6 1000 0 0 57 1 0 2
12731 70 6 47 1 0 64 1 0 2
12732 70 6 49 1 0 64 1 0 2
12820 71 2 49 1 0 66 1 1 0
12830 71 2 52 1 0 66 1 0 0
13210 72 2 54 1 1 61 1 1 0
13230 72 2 1000 0 0 61 1 0 0
13410 73 3 52 1 0 64 1 1 0
13430 73 3 1000 0 0 64 1 0 2
13431 73 3 1000 0 0 64 1 0 2
13510 74 7 52 1 0 65 1 1 0
13530 74 7 54 1 0 65 1 0 0
13531 74 7 54 1 0 65 1 0 0
13532 74 7 54 1 0 65 0 0 0
13533 74 7 54 1 0 65 0 0 0
13534 74 7 54 1 0 65 1 0 0
13535 74 7 54 1 0 65 1 0 0
14210 75 6 54 1 0 60 1 1 0
14230 75 6 1000 0 0 60 1 0 1
14231 75 6 1000 0 0 60 1 0 1
14232 75 6 1000 0 0 60 1 0 1
14233 75 6 1000 0 0 60 1 0 1
14234 75 6 1000 0 0 60 0 0 1
14410 76 4 58 1 0 65 1 1 0
14430 76 4 59 1 0 65 1 0 0
14431 76 4 56 2 0 65 0 0 0
14432 76 4 1000 0 0 65 0 0 1
14510 77 3 54 1 0 65 1 1 0
14530 77 3 56 1 0 65 0 0 0
14531 77 3 65 2 0 75 0 0 0
14610 78 3 57 1 0 70 1 1 1
14630 78 3 1000 0 0 70 1 0 2
14631 78 3 1000 0 0 70 1 0 1
15210 79 5 55 1 1 69 1 1 1
15211 79 5 55 1 0 69 1 1 1
15230 79 5 1000 0 0 69 1 0 1
15231 79 5 1000 0 0 69 1 0 1
15232 79 5 1000 0 0 69 0 0 1
15410 80 5 56 1 0 72 1 1 0
15420 80 5 59 1 0 72 1 0 0
15430 80 5 61 2 0 72 0 0 0
15431 80 5 62 1 0 72 0 0 0
15432 80 5 61 2 0 72 0 0 0
15610 81 3 54 1 0 68 1 1 0
15620 81 3 55 1 0 68 1 0 0
15630 81 3 56 1 0 68 1 0 0
15710 82 2 54 1 0 68 1 1 0
15730 82 2 1000 0 0 68 1 0 0
16310 83 2 59 1 0 71 1 1 0
16320 83 2 1000 0 1 71 1 0 0
16710 84 2 59 1 0 70 1 1 0
16730 84 2 1000 0 0 70 1 0 1
16810 85 4 61 1 0 74 1 1 0
16830 85 4 1000 0 0 74 1 0 2
16831 85 4 74 2 0 84 1 0 2
16832 85 4 1000 0 0 74 1 0 2
16910 86 4 62 1 0 74 1 1 0
16930 86 4 64 1 0 74 1 0 0
16931 86 4 62 2 0 74 0 0 0
16932 86 4 62 2 0 74 0 0 0
17610 87 5 60 1 1 71 1 1 0
17630 87 5 1000 0 0 71 1 0 2
17631 87 5 1000 0 0 71 0 0 2
17632 87 5 1000 0 0 71 0 0 2
17633 87 5 1000 0 0 71 0 0 2
17720 88 3 63 1 0 73 1 0 2
17730 88 3 59 1 0 73 1 1 0
17731 88 3 63 1 0 73 1 0 2
18210 89 6 49 1 0 66 1 1 0
18220 89 6 62 1 0 66 1 0 2
18230 89 6 59 2 0 66 1 0 2
18231 89 6 58 2 0 66 1 0 2
18232 89 6 66 1 0 76 0 0 2
18233 89 6 66 1 0 76 0 0 2
18410 90 4 57 1 0 78 1 1 0
18420 90 4 63 1 0 78 1 0 0
18430 90 4 1000 -1 0 78 0 0 0
18431 90 4 71 1 0 78 0 0 0
18710 91 6 63 1 0 76 1 1 0
18730 91 6 1000 -1 0 76 1 0 0
18731 91 6 63 1 0 76 1 0 0
18732 91 6 65 2 0 76 1 0 0
18733 91 6 65 2 0 76 0 0 0
18734 91 6 65 2 0 76 0 0 0
19110 92 3 62 1 0 76 1 1 0
19120 92 3 65 2 0 76 1 0 0
19130 92 3 63 1 0 76 0 0 0
19210 93 5 66 1 0 76 1 1 0
19230 93 5 1000 0 0 76 1 0 2
19231 93 5 1000 0 0 76 1 0 2
19232 93 5 1000 0 0 76 1 0 2
19233 93 5 1000 0 0 76 0 0 2
19310 94 4 66 1 0 76 1 1 0
19330 94 4 1000 -1 0 76 1 0 2
19331 94 4 67 1 0 76 0 0 2
19332 94 4 67 1 0 76 1 0 2
19410 95 2 65 1 0 75 1 1 0
19430 95 2 1000 0 0 75 1 0 1
19510 96 2 67 1 0 78 1 1 0
19530 96 2 68 1 0 78 1 0 0
19610 97 3 65 1 0 79 1 1 0
19630 97 3 69 1 0 79 1 0 0
19631 97 3 69 1 0 79 1 0 0
19710 98 2 69 1 0 80 1 1 0
19730 98 2 72 1 0 80 1 0 2
20010 99 3 74 1 0 81 1 1 0
20030 99 3 1000 0 0 81 1 0 1
20031 99 3 1000 0 0 81 1 0 1
20310 100 4 72 2 0 79 1 1 0
20330 100 4 75 2 1 79 1 0 0
20331 100 4 79 2 0 89 0 0 0
20332 100 4 79 2 0 89 0 0 0
20810 101 2 74 1 0 86 1 1 0
20830 101 2 1000 0 0 86 1 0 1
21710 102 3 85 1 0 92 1 1 0
21730 102 3 1000 0 0 92 1 0 2
21731 102 3 1000 0 0 90 1 0 2
21920 103 3 91 1 0 103 1 1 0
21930 103 3 1000 0 0 96 1 0 1
21931 103 3 1000 -1 0 103 1 0 2
22010 104 6 89 1 0 99 1 1 0
22030 104 6 91 1 0 99 1 0 0
22031 104 6 89 2 0 99 1 0 0
22032 104 6 89 2 0 99 1 0 0
22033 104 6 89 2 0 99 0 0 0
22034 104 6 90 2 0 99 0 0 0
22310 105 4 90 2 0 100 1 1 0
22320 105 4 92 1 0 100 1 0 0
22330 105 4 90 1 0 100 0 0 0
22331 105 4 90 1 0 100 0 0 0
22720 106 3 96 1 0 104 1 1 0
22730 106 3 1000 0 0 104 1 0 0
22731 106 3 1000 0 0 104 0 0 0
23110 107 6 96 1 1 107 1 1 0
23120 107 6 1000 0 1 107 1 0 1
23130 107 6 1000 0 0 106 1 0 1
23131 107 6 1000 0 0 106 1 0 1
23132 107 6 1000 0 0 106 1 0 1
23133 107 6 1000 0 0 106 1 0 1
23310 108 2 105 1 1 117 1 1 0
23320 108 2 106 2 1 117 1 0 1
23410 109 7 103 1 0 117 1 1 0
23430 109 7 103 2 0 117 1 0 0
23431 109 7 102 1 0 117 1 0 0
23432 109 7 102 1 0 117 1 0 0
23433 109 7 1000 0 0 117 1 0 2
23434 109 7 102 1 0 117 1 0 0
23435 109 7 103 1 0 117 1 0 0
23510 110 4 44 1 0 65 1 1 0
23530 110 4 1000 -1 0 65 1 0 2
23531 110 4 1000 0 0 51 1 0 2
23532 110 4 1000 0 0 52 1 0 2
24510 111 4 128 2 0 138 1 1 0
24520 111 4 1000 0 1 138 1 0 0
24530 111 4 131 2 0 138 1 0 0
24531 111 4 1000 0 0 137 0 0 0
24620 112 2 146 2 1 148 1 1 0
24630 112 2 1000 0 1 148 1 0 2
24810 113 3 40 1 0 51 1 1 0
24830 113 3 43 1 0 51 1 0 0
24831 113 3 1000 0 0 51 0 0 0
25010 114 5 40 1 0 54 1 1 0
25020 114 5 42 1 0 54 1 0 0
25030 114 5 42 1 0 54 1 0 0
25031 114 5 44 2 0 54 0 0 0
25032 114 5 44 2 0 54 0 0 0
25110 115 2 45 1 0 53 1 1 0
25130 115 2 1000 0 0 53 1 0 2
25210 116 2 38 1 0 52 1 1 0
25220 116 2 44 1 0 52 1 0 2
25310 117 6 40 1 0 52 1 1 0
25330 117 6 41 1 0 52 1 0 0
25331 117 6 40 1 0 52 1 0 0
25332 117 6 38 1 0 52 1 0 0
25333 117 6 41 1 0 52 1 0 0
25334 117 6 1000 0 0 52 1 0 0
25610 118 5 39 1 0 52 1 1 0
25620 118 5 40 1 0 52 1 0 0
25630 118 5 42 1 0 52 1 0 0
25631 118 5 42 1 0 52 0 0 0
25632 118 5 42 2 0 52 0 0 0
25710 119 2 39 1 0 51 1 1 0
25730 119 2 39 1 0 51 1 0 0
25810 120 4 39 1 0 50 1 1 0
25830 120 4 1000 -1 0 50 1 0 2
25831 120 4 1000 -1 0 50 0 0 2
25832 120 4 1000 0 0 50 1 0 2
26210 121 3 44 2 0 53 1 1 0
26220 121 3 1000 0 0 53 1 0 0
26230 121 3 1000 0 0 53 0 0 0
26510 122 12 35 1 0 47 1 1 0
26530 122 12 1000 0 0 47 1 0 2
26531 122 12 1000 0 0 47 1 0 2
26532 122 12 40 2 0 47 0 0 2
26533 122 12 40 2 0 47 0 0 2
26534 122 12 40 2 0 47 0 0 2
26535 122 12 1000 0 0 47 1 0 2
26536 122 12 1000 0 0 47 1 0 2
26537 122 12 1000 0 0 47 1 0 2
26538 122 12 1000 0 0 47 1 0 2
26539 122 12 1000 0 0 47 1 0 2
26540 122 12 1000 0 0 47 1 0 2
26610 123 2 40 1 0 50 1 1 0
26630 123 2 1000 0 0 50 1 0 2
26710 124 7 36 1 0 51 1 1 0
26730 124 7 33 1 0 51 1 0 0
26731 124 7 37 1 0 51 1 0 0
26732 124 7 37 1 0 51 1 0 0
26733 124 7 42 2 0 51 0 0 0
26734 124 7 42 2 0 51 0 0 0
26735 124 7 39 1 0 51 0 0 0
26810 125 5 38 1 0 51 1 1 0
26830 125 5 39 1 0 51 1 0 0
26831 125 5 40 1 0 51 1 0 0
26832 125 5 40 1 0 51 1 0 0
26833 125 5 41 1 0 51 0 0 0
27010 126 5 36 1 0 49 1 1 0
27030 126 5 38 1 0 49 1 0 0
27031 126 5 40 2 0 49 0 0 0
27032 126 5 40 2 0 49 0 0 0
27033 126 5 1000 0 0 49 0 0 0
27310 127 7 26 1 0 47 0 1 0
27320 127 7 39 1 0 47 1 0 0
27330 127 7 38 1 0 47 1 0 0
27331 127 7 35 1 0 47 0 0 0
27332 127 7 29 1 0 47 0 0 0
27333 127 7 43 2 0 47 0 0 0
37234 127 7 1000 0 0 47 0 0 0
27610 128 5 33 2 0 45 0 1 0
27620 128 5 36 1 0 45 1 0 0
27630 128 5 40 1 0 45 1 0 0
27631 128 5 34 2 0 45 0 0 0
27632 128 5 34 2 0 45 0 0 0
27710 129 3 32 1 0 43 1 1 0
27730 129 3 1000 0 0 43 1 0 1
27731 129 3 1000 0 0 43 0 0 1
27810 130 3 31 2 0 43 1 1 0
27830 130 3 32 2 0 43 1 0 2
27831 130 3 34 2 0 43 1 0 2
28010 131 3 37 1 0 51 1 1 0
28030 131 3 44 1 0 51 1 0 2
28031 131 3 42 1 0 51 1 0 2
28110 132 5 40 1 0 51 1 1 0
28130 132 5 1000 0 0 51 1 0 2
28131 132 5 1000 0 0 51 1 0 2
28132 132 5 1000 0 0 51 1 0 2
28133 132 5 1000 0 0 51 1 0 2
28210 133 5 34 1 0 43 1 1 0
28230 133 5 1000 0 0 43 1 0 2
28231 133 5 1000 0 0 43 1 0 2
28232 133 5 1000 0 0 43 1 0 2
28233 133 5 1000 0 0 43 0 0 2
28320 134 3 34 1 0 51 1 0 0
28330 134 3 31 1 0 51 0 1 0
28331 134 3 1000 0 0 51 0 0 0
28510 135 3 30 1 0 47 1 1 0
28520 135 3 40 1 0 47 1 0 1
28530 135 3 40 1 0 47 1 0 1
28610 136 5 29 1 0 40 1 1 0
28630 136 5 1000 0 0 40 1 0 1
28631 136 5 1000 0 0 40 1 0 1
28632 136 5 1000 0 0 40 1 0 1
28633 136 5 1000 0 0 40 1 0 1
28710 137 3 38 1 0 54 1 1 0
28720 137 3 38 1 0 54 1 0 0
28730 137 3 39 1 0 54 1 0 0
28810 138 12 34 2 0 46 1 1 0
28811 138 12 34 2 0 46 1 1 0
28812 138 12 34 2 0 46 0 1 0
28820 138 12 37 2 0 46 1 0 0
28830 138 12 1000 0 0 42 1 0 0
28831 138 12 37 2 0 46 1 0 0
28832 138 12 37 2 0 46 1 0 0
28833 138 12 1000 0 0 42 1 0 0
28834 138 12 37 2 0 46 0 0 0
28835 138 12 1000 0 0 42 0 0 0
28836 138 12 1000 0 0 42 0 0 0
28837 138 12 37 2 0 46 0 0 0
28910 139 3 36 1 0 47 1 1 0
28930 139 3 1000 0 0 46 1 0 0
28931 139 3 1000 0 0 47 0 0 0
29010 140 2 32 1 0 46 1 1 0
29030 140 2 36 1 0 46 1 0 2
