210 0 7 69 1 1 82 1 1 0
230 0 7 1000 0 0 82 1 0 2
231 0 7 1000 0 0 82 0 0 2
232 0 7 73 2 0 82 0 0 2
233 0 7 1000 0 0 82 0 0 2
234 0 7 1000 0 0 82 1 0 2
235 0 7 1000 0 0 82 1 0 2
310 1 4 66 1 0 85 1 1 0
320 1 4 73 1 1 85 1 0 1
330 1 4 77 1 0 85 1 0 1
331 1 4 76 1 0 85 1 0 1
410 2 8 76 1 0 92 1 1 0
420 2 8 84 1 1 92 1 0 1
421 2 8 84 2 1 92 1 0 1
430 2 8 78 2 0 92 0 0 1
431 2 8 79 1 0 92 0 0 1
432 2 8 81 1 0 92 0 0 1
433 2 8 85 2 0 92 0 0 1
434 2 8 1000 0 0 92 0 0 1
510 3 4 54 2 0 63 1 1 0
520 3 4 1000 0 1 63 1 0 2
530 3 4 1000 0 0 62 1 0 2
531 3 4 1000 0 0 62 1 0 2
610 4 5 52 1 0 66 1 1 0
620 4 5 1000 0 1 61 1 0 1
630 4 5 1000 0 0 62 1 0 1
631 4 5 57 1 0 66 1 0 1
632 4 5 1000 -1 0 66 0 0 1
710 5 5 47 2 0 61 1 1 0
720 5 5 1000 0 1 61 1 0 2
730 5 5 1000 0 0 61 1 0 2
731 5 5 1000 0 0 61 1 0 2
732 5 5 1000 0 0 61 1 0 2
810 6 5 55 2 0 66 0 1 0
820 6 5 1000 0 1 66 1 0 1
830 6 5 1000 0 1 66 1 0 1
831 6 5 1000 -1 0 66 1 0 1
832 6 5 1000 -1 0 66 1 0 1
910 7 2 56 1 0 65 1 1 0
920 7 2 1000 0 1 65 1 0 1
1010 8 5 48 1 0 63 1 1 0
1020 8 5 1000 0 1 63 1 0 2
1030 8 5 1000 -1 0 63 1 0 2
1031 8 5 51 2 0 63 1 0 1
1032 8 5 52 1 0 63 1 0 1
1110 9 6 55 1 0 67 1 1 0
1120 9 6 1000 0 1 67 1 0 1
1130 9 6 57 2 0 67 0 0 0
1131 9 6 57 2 0 67 0 0 0
1132 9 6 57 2 0 67 0 0 0
1133 9 6 56 1 0 67 0 0 0
1210 10 3 59 1 0 73 1 1 0
1220 10 3 1000 0 1 63 1 0 2
1230 10 3 1000 -1 0 73 1 0 2
1310 11 4 61 2 0 69 1 1 0
1320 11 4 1000 -1 0 69 1 0 1
1330 11 4 1000 0 0 69 1 0 1
1331 11 4 1000 0 0 69 1 0 1
1510 12 8 63 1 0 72 1 1 0
1520 12 8 1000 0 1 71 1 0 2
1530 12 8 1000 0 0 71 1 0 2
1531 12 8 1000 0 0 71 1 0 2
1532 12 8 1000 0 0 71 1 0 2
1533 12 8 1000 0 0 71 1 0 2
1534 12 8 1000 0 0 71 0 0 2
1535 12 8 71 1 0 72 0 0 2
1610 13 5 56 1 0 75 1 1 0
1620 13 5 1000 0 1 72 1 0 2
1630 13 5 1000 0 0 75 1 0 2
1631 13 5 1000 -1 0 75 1 0 2
1632 13 5 1000 0 0 75 1 0 2
1710 14 4 63 1 0 79 1 1 0
1720 14 4 1000 0 1 75 1 0 2
1730 14 4 1000 0 0 79 1 0 2
1731 14 4 67 1 0 79 1 0 2
2010 15 3 66 1 0 79 1 1 0
2020 15 3 73 1 0 79 1 0 2
2030 15 3 1000 0 0 71 1 0 2
2110 16 4 52 1 0 78 1 1 0
2120 16 4 1000 0 1 71 1 0 2
2130 16 4 1000 0 1 62 1 0 2
2131 16 4 78 1 0 88 1 0 1
2220 17 4 1000 0 1 69 1 0 2
2230 17 4 1000 0 0 70 1 0 2
2231 17 4 59 1 0 70 1 0 2
2232 17 4 54 1 0 70 1 1 0
2310 18 2 66 1 0 70 1 1 0
2320 18 2 1000 0 1 70 1 0 2
2510 19 6 68 1 0 78 1 1 0
2520 19 6 1000 0 1 75 1 0 0
2530 19 6 1000 -1 1 78 1 0 2
2531 19 6 68 1 0 78 1 0 2
2532 19 6 1000 0 0 78 1 0 0
2533 19 6 1000 0 0 78 0 0 0
2610 20 5 60 1 0 69 1 1 0
2620 20 5 1000 0 1 69 1 0 2
2630 20 5 61 1 0 69 1 0 2
2631 20 5 1000 -1 0 69 1 0 2
2632 20 5 1000 0 0 67 1 0 2
2710 21 6 68 1 0 79 1 1 0
2720 21 6 1000 0 1 79 1 0 1
2730 21 6 71 2 0 79 1 0 1
2731 21 6 71 2 0 79 0 0 1
2732 21 6 1000 -1 0 79 0 0 1
2733 21 6 64 1 0 79 0 0 1
2910 22 5 80 1 0 91 1 1 0
2920 22 5 1000 0 1 89 1 0 2
2930 22 5 1000 0 1 91 1 0 2
2931 22 5 1000 0 1 91 1 0 2
2932 22 5 1000 0 0 91 1 0 2
3010 23 3 73 2 0 88 0 1 0
3020 23 3 1000 0 1 78 1 0 0
3030 23 3 75 1 0 88 1 0 0
3110 24 4 69 1 0 74 1 1 0
3120 24 4 1000 0 1 74 1 0 2
3130 24 4 1000 0 1 74 1 0 2
3131 24 4 1000 0 0 74 0 0 2
3210 25 4 59 1 0 93 1 1 0
3220 25 4 1000 0 1 86 1 0 0
3230 25 4 1000 0 0 93 0 0 0
3231 25 4 75 2 0 93 0 0 0
3310 26 5 73 1 0 86 0 1 2
3320 26 5 1000 0 1 86 1 0 2
3321 26 5 1000 0 1 85 1 0 2
3330 26 5 1000 0 0 86 1 0 2
3331 26 5 1000 -1 1 86 1 0 2
3410 27 2 69 1 0 84 1 1 0
3420 27 2 1000 0 1 84 1 0 2
3510 28 4 73 2 0 82 1 1 0
3520 28 4 1000 0 1 80 1 0 2
3530 28 4 1000 0 0 82 1 0 2
3531 28 4 1000 0 0 82 1 0 2
3610 29 2 79 1 0 88 1 1 0
3620 29 2 1000 0 1 88 1 0 2
3710 30 5 64 1 0 104 0 1 0
3720 30 5 1000 0 1 99 1 0 0
3730 30 5 1000 0 0 104 1 0 0
3731 30 5 1000 0 0 104 0 0 1
3732 30 5 1000 0 0 104 0 0 0
3810 31 4 94 2 0 111 0 1 0
3820 31 4 1000 0 1 110 1 0 0
3830 31 4 1000 0 1 102 1 0 0
3831 31 4 1000 0 0 111 0 0 0
3910 32 5 62 1 0 78 1 1 0
3920 32 5 1000 0 1 78 1 0 2
3930 32 5 64 1 0 78 1 0 2
3931 32 5 1000 0 0 76 0 0 2
3932 32 5 66 2 0 78 0 0 2
4010 33 5 1000 -1 0 77 1 0 2
4020 33 5 1000 0 1 77 1 0 2
4030 33 5 1000 -1 0 77 1 0 2
4031 33 5 68 1 0 77 1 1 0
4032 33 5 1000 -1 0 77 1 0 2
4210 34 4 52 1 0 63 1 1 0
4220 34 4 1000 -1 1 63 1 0 2
4230 34 4 1000 -1 0 63 1 0 2
4231 34 4 1000 0 0 63 1 0 2
4310 35 2 61 2 0 68 1 1 0
4320 35 2 1000 0 0 68 1 0 1
4410 36 4 61 1 0 68 1 1 0
4420 36 4 1000 0 1 68 1 0 2
4430 36 4 1000 -1 1 68 1 0 2
4431 36 4 1000 0 0 67 1 0 2
4510 37 2 47 1 0 68 1 1 0
4520 37 2 1000 0 0 68 1 0 0
4610 38 4 60 1 0 78 1 1 0
4611 38 4 60 1 0 78 1 1 0
4620 38 4 1000 0 1 68 1 0 2
4630 38 4 1000 -1 1 78 1 0 2
4710 39 4 61 2 0 71 0 1 0
4720 39 4 1000 0 1 71 1 0 0
4730 39 4 1000 0 0 68 1 0 2
4731 39 4 1000 0 0 68 0 0 2
4910 40 3 62 1 0 75 1 1 0
4920 40 3 68 2 1 75 1 0 0
4930 40 3 62 1 0 75 1 0 0
5010 41 8 58 1 0 69 1 1 0
5020 41 8 1000 0 1 69 1 0 0
5030 41 8 1000 -1 0 69 1 0 0
5031 41 8 1000 -1 0 69 1 0 0
5032 41 8 1000 -1 0 69 1 0 0
5033 41 8 1000 -1 0 69 1 0 0
5034 41 8 1000 -1 0 69 0 0 0
5035 41 8 1000 -1 0 69 0 0 0
5310 42 7 66 1 0 80 1 1 0
5320 42 7 1000 0 1 70 1 0 2
5330 42 7 1000 -1 1 80 1 0 2
5331 42 7 1000 -1 1 80 1 0 2
5332 42 7 1000 -1 0 80 1 0 2
5333 42 7 1000 -1 0 80 0 0 2
5334 42 7 1000 -1 0 80 0 0 2
5510 43 4 71 1 0 76 0 1 0
5520 43 4 1000 0 1 76 1 0 2
5530 43 4 1000 0 0 75 1 0 2
5531 43 4 1000 0 0 75 0 0 2
5810 44 5 65 1 0 87 1 1 2
5820 44 5 1000 0 1 77 1 0 2
5830 44 5 1000 -1 0 87 1 0 2
5831 44 5 75 2 0 87 0 0 2
5832 44 5 73 1 0 87 1 0 2
6010 45 3 71 2 0 84 0 1 0
6020 45 3 75 2 1 84 1 0 0
6030 45 3 1000 0 0 76 1 0 2
6110 46 6 82 1 0 100 1 1 0
6120 46 6 87 2 1 100 1 0 0
6130 46 6 1000 0 1 90 1 0 0
6131 46 6 85 1 0 100 0 0 0
6132 46 6 85 1 0 100 0 0 0
6133 46 6 85 1 0 100 0 0 0
6210 47 5 73 1 0 86 1 1 0
6220 47 5 1000 0 1 86 1 0 0
6230 47 5 1000 -1 1 86 1 0 0
6231 47 5 81 2 0 86 1 0 0
6332 47 5 83 1 0 86 0 0 0
6310 48 3 82 1 0 97 0 1 0
6320 48 3 88 1 1 97 1 0 0
6330 48 3 1000 0 1 97 1 0 1
6410 49 5 81 1 0 96 1 1 0
6420 49 5 1000 0 1 96 1 0 1
6430 49 5 1000 0 0 91 1 0 2
6431 49 5 1000 0 0 91 0 0 2
6432 49 5 93 1 0 96 0 0 2
6610 50 5 83 2 0 91 0 1 0
6620 50 5 1000 0 1 91 1 0 0
6630 50 5 1000 0 0 91 1 0 0
6631 50 5 1000 0 0 91 0 0 0
6632 50 5 83 2 0 91 0 0 0
6710 51 3 87 1 0 98 1 1 0
6720 51 3 1000 0 1 98 1 0 2
6730 51 3 1000 -1 0 98 1 0 2
6910 52 4 90 2 0 99 0 1 0
6920 52 4 1000 0 1 98 1 0 2
6930 52 4 1000 0 1 99 1 0 2
6931 52 4 1000 0 1 99 1 0 2
7010 53 7 53 1 0 62 1 1 0
7020 53 7 1000 0 0 62 1 0 2
7030 53 7 1000 -1 1 62 1 0 2
7031 53 7 1000 -1 1 62 1 0 2
7032 53 7 1000 0 0 62 1 0 2
7033 53 7 1000 0 0 62 0 0 2
7034 53 7 1000 0 0 62 0 0 2
7310 54 6 91 1 0 104 0 1 0
7320 54 6 1000 0 1 104 1 0 0
7330 54 6 1000 -1 1 104 1 0 0
7331 54 6 94 2 0 104 0 0 0
7332 54 6 1000 0 0 104 0 0 0
7333 54 6 1000 0 0 104 0 0 0
7510 55 4 91 2 0 106 0 1 0
7520 55 4 1000 -1 1 106 1 0 0
7530 55 4 1000 0 1 96 1 0 0
7531 55 4 1000 0 0 96 0 0 0
7610 56 6 80 1 0 92 1 1 0
7620 56 6 52 2 1 92 1 0 0
7630 56 6 82 2 0 92 0 0 0
7631 56 6 82 2 0 92 0 0 0
7632 56 6 82 2 0 92 0 0 0
7633 56 6 1000 -1 0 92 0 0 0
7710 57 8 62 1 1 72 1 1 0
7720 57 8 62 2 1 72 1 0 0
7730 57 8 63 1 1 72 1 0 0
7731 57 8 1000 -1 1 72 1 0 0
7732 57 8 60 1 0 72 1 0 0
7733 57 8 62 2 0 72 1 0 0
7734 57 8 63 1 0 72 1 0 0
7735 57 8 62 2 0 72 0 0 0
8010 58 4 87 2 0 102 0 1 0
8020 58 4 91 2 1 102 1 0 0
8030 58 4 1000 0 1 93 1 0 0
8031 58 4 89 1 0 102 0 0 0
8220 59 4 99 1 1 113 1 1 0
8230 59 4 1000 -1 1 113 1 0 2
8231 59 4 1000 -1 1 113 1 0 2
8232 59 4 1000 -1 1 113 1 0 2
8310 60 3 101 1 1 108 1 1 0
8330 60 3 1000 0 1 108 1 0 1
8331 60 3 1000 0 0 108 0 0 1
8410 61 4 99 1 1 108 1 1 0
8430 61 4 1000 0 1 108 1 0 1
8431 61 4 1000 0 0 108 0 0 1
8432 61 4 1000 0 0 108 0 0 1
8510 62 2 92 1 1 111 1 1 0
8520 62 2 97 1 1 111 1 0 1
8810 63 3 109 1 1 110 1 1 0
8830 63 3 1000 0 1 110 1 0 0
8831 63 3 1000 0 1 110 1 0 0
8910 64 5 102 1 0 115 1 0 0
8920 64 5 101 1 0 115 1 1 0
8930 64 5 1000 0 0 114 0 0 0
8931 64 5 114 2 0 115 0 0 0
8932 64 5 1000 0 0 114 0 0 0
9010 65 6 99 1 0 107 0 1 0
9020 65 6 1000 0 1 106 1 0 2
9021 65 6 1000 0 1 107 1 0 2
9030 65 6 100 1 1 107 1 0 2
9031 65 6 100 1 0 107 1 0 2
9032 65 6 102 1 0 107 0 0 2
9110 66 5 44 1 0 54 1 1 0
9120 66 5 39 1 0 54 1 0 1
9121 66 5 52 1 0 54 1 0 1
9122 66 5 52 1 0 54 1 0 1
9123 66 5 47 1 0 54 0 0 1
9210 67 2 46 1 0 56 1 1 0
9230 67 2 1000 0 0 56 1 0 2
9310 68 4 48 1 1 57 1 1 0
9330 68 4 1000 0 0 57 1 0 2
9331 68 4 1000 0 0 57 1 0 2
9332 68 4 1000 0 0 57 1 0 2
9410 69 2 43 1 0 57 1 1 0
9420 69 2 47 2 0 57 1 0 0
9620 70 4 30 1 0 58 1 1 0
9630 70 4 48 1 0 58 1 0 0
9631 70 4 48 1 0 58 0 0 0
9632 70 4 58 1 0 68 0 0 0
9710 71 3 48 1 0 61 1 1 0
9730 71 3 49 2 0 61 0 0 0
9731 71 3 50 2 0 61 1 0 0
10010 72 2 48 1 0 59 1 1 0
10030 72 2 1000 -1 0 59 1 0 1
10210 73 8 48 1 0 61 1 0 0
10230 73 8 49 1 0 61 1 0 0
10231 73 8 49 1 0 61 1 0 0
10232 73 8 49 2 0 61 1 0 0
10234 73 8 58 2 0 61 1 0 0
10235 73 8 48 1 0 61 1 1 0
10236 73 8 1000 0 0 57 1 0 0
10237 73 8 1000 0 0 57 1 0 0
10310 74 4 42 1 0 59 1 1 0
10320 74 4 43 1 0 59 1 0 1
10330 74 4 49 1 0 59 0 0 2
10331 74 4 47 2 0 59 1 0 2
10520 75 2 45 1 0 59 1 1 0
10530 75 2 49 2 0 59 1 0 0
11010 76 3 50 1 0 74 1 1 0
11011 76 3 50 1 0 74 1 1 0
11030 76 3 1000 0 0 74 0 0 0
11110 77 3 52 1 0 56 1 1 1
11130 77 3 1000 0 0 56 1 0 1
11131 77 3 1000 0 0 56 1 0 1
11210 78 3 52 1 0 62 1 0 0
11230 78 3 52 1 0 62 1 1 0
11231 78 3 51 2 0 62 0 0 0
11310 79 5 48 1 0 62 1 1 0
11320 79 5 1000 0 0 61 1 0 2
11321 79 5 1000 0 0 62 1 0 2
11322 79 5 1000 0 0 61 1 0 2
11323 79 5 1000 0 1 61 1 0 2
11610 80 4 50 1 0 71 1 1 0
11630 80 4 52 1 0 71 1 0 0
11631 80 4 1000 -1 0 71 0 0 2
11632 80 4 1000 -1 0 71 0 0 2
11710 81 5 47 1 0 86 1 1 0
11730 81 5 50 2 0 86 1 0 2
11731 81 5 1000 0 0 83 0 0 2
11732 81 5 1000 0 0 86 0 0 2
11733 81 5 68 2 0 86 0 0 2
11810 82 3 51 1 0 62 1 1 0
11830 82 3 1000 0 1 61 1 0 1
11831 82 3 52 2 0 62 1 0 1
11910 83 5 49 1 1 62 1 1 0
11920 83 5 51 2 1 62 1 0 0
11930 83 5 1000 0 0 60 1 0 0
11931 83 5 1000 0 0 62 1 0 0
11932 83 5 1000 0 0 62 0 0 0
12110 84 5 44 1 0 62 1 1 0
12120 84 5 62 1 0 72 1 0 2
12130 84 5 1000 0 0 56 1 0 2
12131 84 5 1000 0 0 56 1 0 2
12132 84 5 43 1 0 62 0 0 2
12210 85 2 50 1 0 61 1 1 0
12230 85 2 1000 -1 0 61 1 0 1
12410 86 3 50 1 0 61 1 1 0
12430 86 3 1000 0 0 61 1 0 2
12431 86 3 1000 0 0 61 0 0 2
12710 87 6 41 1 0 64 1 1 0
12720 87 6 49 1 0 64 1 0 2
12721 87 6 46 1 0 64 1 0 2
12730 87 6 1000 0 0 57 1 0 2
12731 87 6 47 1 0 64 1 0 2
12732 87 6 49 1 0 64 1 0 2
12820 88 2 49 1 0 66 1 1 0
12830 88 2 52 1 0 66 1 0 0
13110 89 8 51 1 0 64 1 1 0
13120 89 8 55 2 1 64 1 0 2
13130 89 8 1000 -1 0 64 1 0 2
13131 89 8 1000 -1 0 64 0 0 2
13132 89 8 1000 -1 0 64 0 0 2
13133 89 8 48 1 0 64 1 0 2
13134 89 8 55 2 0 64 1 0 2
13135 89 8 55 2 0 64 1 0 2
13210 90 2 54 1 1 61 1 1 0
13230 90 2 1000 0 0 61 1 0 0
13410 91 3 52 1 1 64 1 1 0
13430 91 3 1000 0 0 64 1 0 2
13431 91 3 1000 0 0 64 1 0 2
13510 92 7 52 1 0 65 1 1 0
13530 92 7 54 1 0 65 1 0 0
13531 92 7 54 1 0 65 1 0 0
13532 92 7 54 1 0 65 0 0 0
13533 92 7 54 1 0 65 0 0 0
13534 92 7 54 1 0 65 1 0 0
13535 92 7 54 1 0 65 1 0 0
13810 93 3 52 1 0 64 1 1 0
13830 93 3 1000 -1 0 64 1 0 2
13831 93 3 1000 -1 0 64 1 0 2
13910 94 7 55 2 0 65 1 1 0
13930 94 7 1000 -1 0 65 1 0 1
13931 94 7 1000 -1 0 65 1 0 1
13932 94 7 1000 -1 0 65 1 0 1
13933 94 7 1000 -1 0 65 0 0 1
13934 94 7 1000 -1 0 65 0 0 1
13935 94 7 1000 -1 0 65 1 0 1
14210 95 6 54 1 0 60 1 1 0
14230 95 6 1000 0 0 60 1 0 1
14231 95 6 1000 0 0 60 1 0 1
14232 95 6 1000 0 0 60 1 0 1
14233 95 6 1000 0 0 60 1 0 1
14234 95 6 1000 0 0 60 0 0 1
14410 96 4 58 1 0 65 1 1 0
14430 96 4 59 1 0 65 1 0 0
14431 96 4 56 2 0 65 0 0 0
14432 96 4 1000 0 0 65 0 0 1
14510 97 3 54 1 0 65 1 1 0
14530 97 3 56 1 0 65 0 0 0
14531 97 3 65 2 0 75 0 0 0
14610 98 3 57 1 0 70 1 1 1
14630 98 3 1000 0 0 70 1 0 2
14631 98 3 1000 0 0 70 1 0 1
15110 99 2 57 1 0 69 1 1 0
15130 99 2 1000 -1 0 69 1 0 2
15410 100 5 56 1 0 72 1 1 0
15420 100 5 59 1 0 72 1 0 0
15430 100 5 61 2 0 72 0 0 0
15431 100 5 62 1 0 72 0 0 0
15432 100 5 61 2 0 72 0 0 0
15610 101 3 54 1 0 68 1 1 0
15620 101 3 55 1 0 68 1 0 0
15630 101 3 56 1 0 68 1 0 0
15710 102 2 54 1 0 68 1 1 0
15730 102 2 1000 0 1 68 1 0 0
16310 103 2 59 1 0 71 1 1 0
16320 103 2 1000 0 1 71 1 0 0
16710 104 2 59 1 0 70 1 1 0
16730 104 2 1000 0 0 70 1 0 1
16810 105 4 61 1 0 74 1 1 0
16830 105 4 1000 0 0 74 1 0 2
16831 105 4 74 2 0 84 1 0 2
16832 105 4 1000 0 0 74 1 0 2
16910 106 4 62 1 0 74 1 1 0
16930 106 4 64 1 0 74 1 0 0
16931 106 4 62 2 0 74 0 0 0
16932 106 4 62 2 0 74 0 0 0
17510 107 8 31 1 0 70 1 0 1
17520 107 8 52 1 0 70 1 0 1
17530 107 8 29 1 0 70 1 1 0
17531 107 8 29 1 0 70 1 0 1
17532 107 8 1000 -1 0 70 0 0 1
17533 107 8 32 1 0 70 0 0 1
17534 107 8 32 1 0 70 1 0 1
17535 107 8 32 1 0 70 1 0 1
17610 108 5 60 1 1 71 1 1 0
17630 108 5 1000 0 0 71 1 0 2
17631 108 5 1000 0 0 71 0 0 2
17632 108 5 1000 0 0 71 0 0 2
17633 108 5 1000 0 0 71 0 0 2
17720 109 3 63 1 0 73 1 0 2
17730 109 3 59 1 0 73 1 1 0
17731 109 3 63 1 0 73 1 0 2
18210 110 6 49 1 0 66 1 1 0
18220 110 6 62 1 0 66 1 0 2
18230 110 6 59 2 0 66 1 0 2
18231 110 6 58 2 0 66 1 0 2
18232 110 6 66 1 0 76 0 0 2
18233 110 6 66 1 0 76 0 0 2
18410 111 4 57 1 0 78 1 1 0
18420 111 4 63 1 0 78 1 0 0
18430 111 4 1000 -1 0 78 0 0 0
18431 111 4 71 1 0 78 0 0 0
19010 112 4 65 2 1 82 1 1 0
19030 112 4 1000 -1 1 82 1 0 0
19031 112 4 1000 -1 0 82 0 0 0
19032 112 4 1000 -1 0 82 1 0 0
19110 113 3 62 1 0 76 1 1 0
19120 113 3 65 2 0 76 1 0 0
19130 113 3 63 1 0 76 0 0 0
19210 114 5 66 1 0 76 1 1 0
19230 114 5 1000 0 0 76 1 0 2
19231 114 5 1000 0 0 76 1 0 2
19232 114 5 1000 0 0 76 1 0 2
19233 114 5 1000 0 0 76 0 0 2
19310 115 4 66 1 0 76 1 1 0
19330 115 4 1000 -1 0 76 1 0 2
19331 115 4 67 1 0 76 0 0 2
19332 115 4 67 1 0 76 1 0 2
19410 116 2 65 1 0 75 1 1 0
19430 116 2 1000 0 1 75 1 0 1
19510 117 2 67 1 0 78 1 1 0
19530 117 2 68 1 0 78 1 0 0
19710 118 2 69 1 0 80 1 1 0
19730 118 2 72 1 0 80 1 0 2
19910 119 4 68 1 0 81 1 1 0
19930 119 4 1000 -1 1 81 1 0 0
19931 119 4 1000 -1 1 81 1 0 0
19932 119 4 1000 -1 1 81 1 0 0
20010 120 3 74 1 0 81 1 1 0
20030 120 3 1000 0 0 81 1 0 1
20031 120 3 1000 0 0 81 1 0 1
20110 121 4 74 1 0 82 1 1 0
20130 121 4 1000 -1 0 82 1 0 2
20131 121 4 1000 -1 0 82 0 0 2
20132 121 4 78 1 0 82 0 0 2
20510 122 8 72 1 0 102 1 1 0
20511 122 8 72 1 0 102 1 0 1
20512 122 8 72 1 0 102 1 0 1
20513 122 8 72 1 0 102 0 0 1
20514 122 8 1000 -1 0 102 0 0 1
20515 122 8 77 2 0 102 1 0 1
20516 122 8 70 1 0 102 1 0 1
20517 122 8 1000 -1 0 102 0 0 1
20710 123 3 71 1 0 85 1 1 0
20730 123 3 1000 -1 0 85 1 0 2
20731 123 3 1000 -1 0 85 1 0 2
20910 124 4 73 1 0 86 1 1 0
20930 124 4 75 1 0 86 1 0 0
20931 124 4 75 1 0 86 1 0 0
20932 124 4 1000 -1 0 86 1 0 0
21110 125 2 75 1 0 91 1 1 0
21130 125 2 1000 -1 0 91 1 0 2
21710 126 3 85 1 0 92 1 1 0
21730 126 3 1000 0 0 92 1 0 2
21731 126 3 1000 0 0 90 1 0 2
21920 127 3 91 1 0 103 1 1 0
21930 127 3 1000 0 0 96 1 0 1
21931 127 3 1000 -1 0 103 1 0 2
22220 128 2 86 1 0 100 1 1 0
22230 128 2 1000 -1 0 100 1 0 2
22310 129 4 90 2 0 100 1 1 0
22320 129 4 92 1 0 100 1 0 0
22330 129 4 90 1 0 100 0 0 0
22331 129 4 90 1 0 100 0 0 0
22510 130 4 93 1 0 104 1 1 0
22520 130 4 1000 0 1 99 1 0 2
22521 130 4 1000 -1 1 104 1 0 1
22522 130 4 1000 -1 1 104 1 0 1
22720 131 3 96 1 0 104 1 1 0
22730 131 3 1000 0 0 104 1 0 0
22731 131 3 1000 0 0 104 0 0 0
23110 132 6 96 1 1 107 1 1 0
23120 132 6 1000 0 1 107 1 0 1
23130 132 6 1000 0 0 106 1 0 1
23131 132 6 1000 0 0 106 1 0 1
23132 132 6 1000 0 0 106 1 0 1
23133 132 6 1000 0 0 106 1 0 1
23310 133 2 105 1 1 117 1 1 0
23320 133 2 106 2 1 117 1 0 1
23710 134 5 107 2 0 117 1 1 0
23720 134 5 1000 0 1 113 1 0 0
23730 134 5 1000 -1 1 117 1 0 0
23731 134 5 1000 0 0 117 1 0 0
23732 134 5 1000 0 0 117 0 0 0
23810 135 5 111 2 0 119 0 1 0
23820 135 5 1000 0 1 119 1 0 0
23830 135 5 1000 -1 1 119 1 0 0
23831 135 5 1000 0 0 119 0 0 2
23832 135 5 1000 0 0 119 1 0 2
24110 136 6 113 2 0 122 0 1 0
24120 136 6 1000 0 1 122 1 0 1
24130 136 6 1000 -1 1 122 1 0 1
24131 136 6 1000 -1 1 122 1 0 2
24132 136 6 1000 0 0 122 1 0 2
24133 136 6 1000 0 0 122 0 0 2
24210 137 4 113 2 1 123 1 1 0
24230 137 4 1000 -1 1 123 1 0 2
24231 137 4 1000 -1 0 123 0 0 2
24232 137 4 1000 -1 0 123 0 0 2
24310 138 4 122 2 0 135 0 0 0
24320 138 4 122 1 1 135 1 0 0
24330 138 4 1000 -1 1 135 1 0 0
24331 138 4 120 1 0 135 0 1 0
24510 139 4 128 2 0 138 1 1 0
24520 139 4 1000 0 1 138 1 0 0
24530 139 4 131 2 0 138 1 0 0
24531 139 4 1000 0 0 137 0 0 0
24620 140 2 146 2 1 148 1 1 0
24630 140 2 1000 0 0 148 1 0 2
24710 141 7 32 1 0 51 1 1 0
24720 141 7 37 1 0 51 1 0 0
24730 141 7 39 1 0 51 1 0 0
24731 141 7 39 2 0 51 0 0 0
24732 141 7 39 2 0 51 0 0 0
24733 141 7 1000 -1 0 51 0 0 0
24734 141 7 1000 -1 0 51 0 0 0
24910 142 8 37 1 0 54 1 0 1
24920 142 8 37 1 0 54 1 1 0
24930 142 8 41 1 0 54 1 0 1
24931 142 8 41 1 0 54 1 0 1
24932 142 8 1000 -1 0 54 1 0 1
24933 142 8 1000 -1 0 54 1 0 1
24934 142 8 1000 -1 0 54 1 0 1
24935 142 8 1000 -1 0 54 1 0 1
25010 143 5 40 1 0 54 1 1 0
25020 143 5 42 1 0 54 1 0 0
25030 143 5 42 1 0 54 1 0 0
25031 143 5 44 2 0 54 0 0 0
25032 143 5 44 2 0 54 0 0 0
25110 144 2 45 1 0 53 1 1 0
25130 144 2 1000 0 0 53 1 0 2
25310 145 6 40 1 0 52 1 1 0
25330 145 6 41 1 0 52 1 0 0
25331 145 6 40 1 0 52 1 0 0
25332 145 6 38 1 0 52 1 0 0
25333 145 6 41 1 0 52 1 0 0
25334 145 6 1000 0 0 52 1 0 0
25510 146 5 47 1 0 55 0 1 0
25520 146 5 50 1 0 55 1 0 0
2553 146 5 55 2 0 65 0 0 0
25530 146 5 41 1 0 55 1 0 0
25531 146 5 1000 -1 0 55 0 0 0
25610 147 5 39 1 0 52 1 1 0
25620 147 5 40 1 0 52 1 0 0
25630 147 5 42 1 0 52 1 0 0
25631 147 5 42 1 0 52 0 0 0
25632 147 5 42 2 0 52 0 0 0
26210 148 3 44 2 0 53 1 1 0
26220 148 3 1000 0 0 53 1 0 0
26230 148 3 1000 0 0 53 0 0 0
26410 149 3 38 1 0 47 1 1 0
26430 149 3 1000 0 0 47 1 0 1
26431 149 3 1000 -1 0 47 1 0 1
26510 150 12 35 1 0 47 1 1 0
26530 150 12 1000 0 0 47 1 0 2
26531 150 12 1000 0 0 47 1 0 2
26532 150 12 40 2 0 47 0 0 2
26533 150 12 40 2 0 47 0 0 2
26534 150 12 40 2 0 47 0 0 2
26535 150 12 1000 0 0 47 1 0 2
26536 150 12 1000 0 0 47 1 0 2
26537 150 12 1000 0 0 47 1 0 2
26538 150 12 1000 0 0 47 1 0 2
26539 150 12 1000 0 0 47 1 0 2
26540 150 12 1000 0 0 47 1 0 2
26710 151 7 36 1 0 51 1 1 0
26730 151 7 33 1 0 51 1 0 0
26731 151 7 37 1 0 51 1 0 0
26732 151 7 37 1 0 51 1 0 0
26733 151 7 42 2 0 51 0 0 0
26734 151 7 42 2 0 51 0 0 0
26735 151 7 39 1 0 51 0 0 0
26810 152 5 38 1 0 51 1 1 0
26830 152 5 39 1 0 51 1 0 0
26831 152 5 40 1 0 51 1 0 0
26832 152 5 40 1 0 51 1 0 0
26833 152 5 41 1 0 51 0 0 0
27210 153 5 36 2 0 46 0 1 0
27220 153 5 33 1 0 46 1 0 0
27230 153 5 1000 0 0 46 1 0 0
27231 153 5 1000 -1 0 46 0 0 0
27232 153 5 37 2 0 46 0 0 0
27310 154 7 26 1 0 47 0 1 0
27320 154 7 39 1 0 47 1 0 0
27330 154 7 38 1 0 47 1 0 0
27331 154 7 35 1 0 47 0 0 0
27332 154 7 29 1 0 47 0 0 0
27333 154 7 43 2 0 47 0 0 0
37234 154 7 1000 0 0 47 0 0 0
27410 155 4 32 1 0 45 1 1 0
27430 155 4 33 1 0 45 1 0 1
27432 155 4 1000 -1 0 45 1 0 1
27433 155 4 35 2 0 45 1 0 1
27510 156 6 30 1 0 42 1 1 0
27520 156 6 30 1 0 42 1 0 0
27530 156 6 1000 -1 0 42 1 0 2
27531 156 6 1000 -1 0 42 1 0 2
27532 156 6 1000 -1 0 42 1 0 2
27533 156 6 1000 -1 0 42 0 0 2
27610 157 5 33 2 0 45 0 1 0
27620 157 5 36 1 0 45 1 0 0
27630 157 5 40 1 0 45 1 0 0
27631 157 5 34 2 0 45 0 0 0
27632 157 5 34 2 0 45 0 0 0
27710 158 3 32 1 0 43 1 1 0
27730 158 3 1000 0 0 43 1 0 1
27731 158 3 1000 0 0 43 0 0 1
27810 159 3 31 2 0 43 1 1 0
27830 159 3 32 2 0 43 1 0 2
27831 159 3 34 2 0 43 1 0 2
27910 160 5 36 2 0 48 1 1 0
27930 160 5 38 2 0 48 1 0 2
27931 160 5 1000 -1 0 48 1 0 2
27932 160 5 1000 -1 0 48 1 0 2
27933 160 5 1000 -1 0 48 0 0 2
28010 161 3 37 1 0 51 1 1 0
28030 161 3 44 1 0 51 1 0 2
28031 161 3 42 1 0 51 1 0 2
28320 162 3 34 1 0 51 1 0 0
28330 162 3 31 1 0 51 0 1 0
28331 162 3 1000 0 0 51 0 0 0
28610 163 5 29 1 0 40 1 1 0
28630 163 5 1000 0 0 40 1 0 1
28631 163 5 1000 0 0 40 1 0 1
28632 163 5 1000 0 0 40 1 0 1
28633 163 5 1000 0 0 40 1 0 1
28710 164 3 38 1 0 54 1 1 0
28720 164 3 38 1 0 54 1 0 0
28730 164 3 39 1 0 54 1 0 0
28810 165 12 34 2 0 46 1 1 0
28811 165 12 34 2 0 46 1 1 0
28812 165 12 34 2 0 46 0 1 0
28820 165 12 37 2 0 46 1 0 0
28830 165 12 1000 0 0 42 1 0 0
28831 165 12 37 2 0 46 1 0 0
28832 165 12 37 2 0 46 1 0 0
28833 165 12 1000 0 0 42 1 0 0
28834 165 12 37 2 0 46 0 0 0
28835 165 12 1000 0 0 42 0 0 0
28836 165 12 1000 0 0 42 0 0 0
28837 165 12 37 2 0 46 0 0 0
28910 166 3 36 1 0 47 1 1 0
28930 166 3 1000 0 0 46 1 0 0
28931 166 3 1000 0 0 47 0 0 0
