210 0 7 69 1 1 82 1 1 0
230 0 7 1000 0 0 82 1 0 2
231 0 7 1000 0 0 82 0 0 2
232 0 7 73 2 0 82 0 0 2
233 0 7 1000 0 0 82 0 0 2
234 0 7 1000 0 0 82 1 0 2
235 0 7 1000 0 0 82 1 0 2
310 1 4 66 1 0 85 1 1 0
320 1 4 73 1 1 85 1 0 1
330 1 4 77 1 0 85 1 0 1
331 1 4 76 1 0 85 1 0 1
410 2 8 76 1 0 92 1 1 0
420 2 8 84 1 1 92 1 0 1
421 2 8 84 2 1 92 1 0 1
430 2 8 78 2 0 92 0 0 1
431 2 8 79 1 0 92 0 0 1
432 2 8 81 1 0 92 0 0 1
433 2 8 85 2 0 92 0 0 1
434 2 8 1000 0 0 92 0 0 1
710 3 5 47 2 0 61 1 1 0
720 3 5 1000 0 0 61 1 0 2
730 3 5 1000 0 0 61 1 0 2
731 3 5 1000 0 0 61 1 0 2
732 3 5 1000 0 0 61 1 0 2
910 4 2 56 1 0 65 1 1 0
920 4 2 1000 0 0 65 1 0 1
1110 5 6 55 1 0 67 1 1 0
1120 5 6 1000 0 0 67 1 0 1
1130 5 6 57 2 0 67 0 0 0
1131 5 6 57 2 0 67 0 0 0
1132 5 6 57 2 0 67 0 0 0
1133 5 6 56 1 0 67 0 0 0
1310 6 4 61 2 0 69 1 1 0
1320 6 4 1000 -1 0 69 1 0 1
1330 6 4 1000 0 0 69 1 0 1
1331 6 4 1000 0 0 69 1 0 1
1510 7 8 63 1 0 72 1 1 0
1520 7 8 1000 0 1 71 1 0 2
1530 7 8 1000 0 0 71 1 0 2
1531 7 8 1000 0 0 71 1 0 2
1532 7 8 1000 0 0 71 1 0 2
1533 7 8 1000 0 0 71 1 0 2
1534 7 8 1000 0 0 71 0 0 2
1535 7 8 71 1 0 72 0 0 2
1710 8 4 63 1 0 79 1 1 0
1720 8 4 1000 0 1 75 1 0 2
1730 8 4 1000 0 0 79 1 0 2
1731 8 4 67 1 0 79 1 0 2
2110 9 4 52 1 0 78 1 1 0
2120 9 4 1000 0 0 71 1 0 2
2130 9 4 1000 0 0 62 1 0 2
2131 9 4 78 1 0 88 1 0 1
2220 10 4 1000 0 1 69 1 0 2
2230 10 4 1000 0 0 70 1 0 2
2231 10 4 59 1 0 70 1 0 2
2232 10 4 54 1 0 70 1 1 0
2310 11 2 66 1 0 70 1 1 0
2320 11 2 1000 0 1 70 1 0 2
2410 12 5 68 1 0 76 1 1 2
2420 12 5 1000 0 1 76 1 0 1
2431 12 5 1000 0 0 76 0 0 2
2432 12 5 1000 0 0 76 0 0 2
2433 12 5 1000 0 0 76 0 0 2
2910 13 5 80 1 0 91 1 1 0
2920 13 5 1000 0 1 89 1 0 2
2930 13 5 1000 0 1 91 1 0 2
2931 13 5 1000 0 1 91 1 0 2
2932 13 5 1000 0 0 91 1 0 2
3010 14 3 73 2 0 88 0 1 0
3020 14 3 1000 0 1 78 1 0 0
3030 14 3 75 1 0 88 1 0 0
3110 15 4 69 1 0 74 1 1 0
3120 15 4 1000 0 1 74 1 0 2
3130 15 4 1000 0 1 74 1 0 2
3131 15 4 1000 0 0 74 0 0 2
3210 16 4 59 1 0 93 1 1 0
3220 16 4 1000 0 1 86 1 0 0
3230 16 4 1000 0 0 93 0 0 0
3231 16 4 75 2 0 93 0 0 0
3410 17 2 69 1 0 84 1 1 0
3420 17 2 1000 0 1 84 1 0 2
3510 18 4 73 2 0 82 1 1 0
3520 18 4 1000 0 1 80 1 0 2
3530 18 4 1000 0 0 82 1 0 2
3531 18 4 1000 0 0 82 1 0 2
3610 19 2 79 1 0 88 1 1 0
3620 19 2 1000 0 1 88 1 0 2
3810 20 4 94 2 0 111 0 1 0
3820 20 4 1000 0 1 110 1 0 0
3830 20 4 1000 0 1 102 1 0 0
3831 20 4 1000 0 0 111 0 0 0
3910 21 5 62 1 0 78 1 1 0
3920 21 5 1000 0 1 78 1 0 2
3930 21 5 64 1 0 78 1 0 2
3931 21 5 1000 0 0 76 0 0 2
3932 21 5 66 2 0 78 0 0 2
4310 22 2 61 2 0 68 1 1 0
4320 22 2 1000 0 1 68 1 0 1
4510 23 2 47 1 0 68 1 1 0
4520 23 2 1000 0 0 68 1 0 0
4710 24 4 61 2 0 71 0 1 0
4720 24 4 1000 0 1 71 1 0 0
4730 24 4 1000 0 0 68 1 0 2
4731 24 4 1000 0 0 68 0 0 2
4910 25 3 62 1 0 75 1 1 0
4920 25 3 68 2 1 75 1 0 0
4930 25 3 62 1 0 75 1 0 0
5510 26 4 71 1 0 76 0 1 0
5520 26 4 1000 0 1 76 1 0 2
5530 26 4 1000 0 0 75 1 0 2
5531 26 4 1000 0 0 75 0 0 2
6010 27 3 71 2 0 84 0 1 0
6020 27 3 75 2 1 84 1 0 0
6030 27 3 1000 0 0 76 1 0 2
6310 28 3 82 1 0 97 0 1 0
6320 28 3 88 1 1 97 1 0 0
6330 28 3 1000 0 0 97 1 0 1
6410 29 5 81 1 0 96 1 1 0
6420 29 5 1000 0 1 96 1 0 1
6430 29 5 1000 0 0 91 1 0 2
6431 29 5 1000 0 0 91 0 0 2
6432 29 5 93 1 0 96 0 0 2
6610 30 5 83 2 0 91 0 1 0
6620 30 5 1000 0 1 91 1 0 0
6630 30 5 1000 0 0 91 1 0 0
6631 30 5 1000 0 0 91 0 0 0
6632 30 5 83 2 0 91 0 0 0
6910 31 4 90 2 0 99 0 1 0
6920 31 4 1000 0 1 98 1 0 2
6930 31 4 1000 0 1 99 1 0 2
6931 31 4 1000 0 1 99 1 0 2
8010 32 4 87 2 0 102 0 1 0
8020 32 4 91 2 1 102 1 0 0
8030 32 4 1000 0 1 93 1 0 0
8031 32 4 89 1 0 102 0 0 0
8110 33 4 88 1 0 109 1 1 0
8120 33 4 99 1 1 109 1 0 1
8130 33 4 97 3 0 109 1 0 1
8131 33 4 93 2 0 109 1 0 2
8310 34 3 101 1 1 108 1 1 0
8330 34 3 1000 0 1 108 1 0 1
8331 34 3 1000 0 0 108 0 0 1
8510 35 2 92 1 0 111 1 1 0
8520 35 2 97 1 1 111 1 0 1
8610 36 4 96 1 0 110 1 1 0
8630 36 4 1000 0 0 107 1 0 2
8631 36 4 92 1 0 110 1 0 2
8632 36 4 99 1 0 110 1 0 2
8810 37 3 109 1 1 110 1 1 0
8830 37 3 1000 0 0 110 1 0 0
8831 37 3 1000 0 1 110 1 0 0
8910 38 5 102 1 0 115 1 0 0
8920 38 5 101 1 0 115 1 1 0
8930 38 5 1000 0 0 114 0 0 0
8931 38 5 114 2 0 115 0 0 0
8932 38 5 1000 0 0 114 0 0 0
9010 39 6 99 1 0 107 0 1 0
9020 39 6 1000 0 1 106 1 0 2
9021 39 6 1000 0 1 107 1 0 2
9030 39 6 100 1 1 107 1 0 2
9031 39 6 100 1 0 107 1 0 2
9032 39 6 102 1 0 107 0 0 2
9110 40 5 44 1 0 54 1 1 0
9120 40 5 39 1 0 54 1 0 1
9121 40 5 52 1 0 54 1 0 1
9122 40 5 52 1 0 54 1 0 1
9123 40 5 47 1 0 54 0 0 1
9210 41 2 46 1 0 56 1 1 0
9230 41 2 1000 0 0 56 1 0 2
9310 42 4 48 1 0 57 1 1 0
9330 42 4 1000 0 0 57 1 0 2
9331 42 4 1000 0 0 57 1 0 2
9332 42 4 1000 0 0 57 1 0 2
9410 43 2 43 1 0 57 1 1 0
9420 43 2 47 2 0 57 1 0 0
9710 44 3 48 1 0 61 1 1 0
9730 44 3 49 2 0 61 0 0 0
9731 44 3 50 2 0 61 1 0 0
10210 45 8 48 1 0 61 1 0 0
10230 45 8 49 1 0 61 1 0 0
10231 45 8 49 1 0 61 1 0 0
10232 45 8 49 2 0 61 1 0 0
10234 45 8 58 2 0 61 1 0 0
10235 45 8 48 1 0 61 1 1 0
10236 45 8 1000 0 0 57 1 0 0
10237 45 8 1000 0 0 57 1 0 0
10310 46 4 42 1 0 59 1 1 0
10320 46 4 43 1 0 59 1 0 1
10330 46 4 49 1 0 59 0 0 2
10331 46 4 47 2 0 59 1 0 2
10520 47 2 45 1 0 59 1 1 0
10530 47 2 49 2 0 59 1 0 0
10710 48 6 46 1 0 59 1 1 0
10720 48 6 48 1 0 59 1 0 1
10730 48 6 48 1 0 59 1 0 1
10731 48 6 48 1 0 59 1 0 1
10732 48 6 48 1 0 59 1 0 1
10733 48 6 53 1 0 59 0 0 1
10810 49 6 46 1 0 58 1 1 0
10830 49 6 58 2 0 68 1 0 0
10831 49 6 1000 0 0 58 1 0 2
10832 49 6 1000 0 0 58 1 0 2
10833 49 6 1000 0 0 58 0 0 2
10834 49 6 50 1 0 58 0 0 0
11010 50 3 50 1 0 74 1 1 0
11011 50 3 50 1 0 74 1 1 0
11030 50 3 1000 0 0 74 0 0 0
11110 51 3 52 1 0 56 1 1 1
11130 51 3 1000 0 0 56 1 0 1
11131 51 3 1000 0 0 56 1 0 1
11210 52 3 52 1 0 62 1 0 0
11230 52 3 52 1 0 62 1 1 0
11231 52 3 51 2 0 62 0 0 0
11310 53 5 48 1 0 62 1 1 0
11320 53 5 1000 0 0 61 1 0 2
11321 53 5 1000 0 0 62 1 0 2
11322 53 5 1000 0 0 61 1 0 2
11323 53 5 1000 0 0 61 1 0 2
11710 54 5 47 1 0 86 1 1 0
11730 54 5 50 2 0 86 1 0 2
11731 54 5 1000 0 0 83 0 0 2
11732 54 5 1000 0 0 86 0 0 2
11733 54 5 68 2 0 86 0 0 2
11810 55 3 51 1 0 62 1 1 0
11830 55 3 1000 0 1 61 1 0 1
11831 55 3 52 2 0 62 1 0 1
11910 56 5 49 1 0 62 1 1 0
11920 56 5 51 2 1 62 1 0 0
11930 56 5 1000 0 0 60 1 0 0
11931 56 5 1000 0 0 62 1 0 0
11932 56 5 1000 0 0 62 0 0 0
12110 57 5 44 1 0 62 1 1 0
12120 57 5 62 1 0 72 1 0 2
12130 57 5 1000 0 0 56 1 0 2
12131 57 5 1000 0 0 56 1 0 2
12132 57 5 43 1 0 62 0 0 2
12310 58 2 52 1 0 63 1 1 0
12320 58 2 1000 0 0 63 1 0 2
12410 59 3 50 1 0 61 1 1 0
12430 59 3 1000 0 0 61 1 0 2
12431 59 3 1000 0 0 61 0 0 2
12510 60 5 50 1 0 64 1 1 0
12520 60 5 50 2 0 64 1 0 0
12530 60 5 1000 0 0 57 0 0 0
12531 60 5 57 2 0 64 0 0 0
12532 60 5 1000 0 0 57 0 0 0
12710 61 6 41 1 0 64 1 1 0
12720 61 6 49 1 0 64 1 0 2
12721 61 6 46 1 0 64 1 0 2
12730 61 6 1000 0 0 57 1 0 2
12731 61 6 47 1 0 64 1 0 2
12732 61 6 49 1 0 64 1 0 2
12820 62 2 49 1 0 66 1 1 0
12830 62 2 52 1 0 66 1 0 0
13210 63 2 54 1 1 61 1 1 0
13230 63 2 1000 0 0 61 1 0 0
13410 64 3 52 1 0 64 1 1 0
13430 64 3 1000 0 0 64 1 0 2
13431 64 3 1000 0 0 64 1 0 2
13510 65 7 52 1 0 65 1 1 0
13530 65 7 54 1 0 65 1 0 0
13531 65 7 54 1 0 65 1 0 0
13532 65 7 54 1 0 65 0 0 0
13533 65 7 54 1 0 65 0 0 0
13534 65 7 54 1 0 65 1 0 0
13535 65 7 54 1 0 65 1 0 0
14410 66 4 58 1 0 65 1 1 0
14430 66 4 59 1 0 65 1 0 0
14431 66 4 56 2 0 65 0 0 0
14432 66 4 1000 0 0 65 0 0 1
14510 67 3 54 1 0 65 1 1 0
14530 67 3 56 1 0 65 0 0 0
14531 67 3 65 2 0 75 0 0 0
14610 68 3 57 1 0 70 1 1 1
14630 68 3 1000 0 0 70 1 0 2
14631 68 3 1000 0 0 70 1 0 1
15210 69 5 55 1 1 69 1 1 1
15211 69 5 55 1 0 69 1 1 1
15230 69 5 1000 0 0 69 1 0 1
15231 69 5 1000 0 0 69 1 0 1
15232 69 5 1000 0 0 69 0 0 1
15410 70 5 56 1 0 72 1 1 0
15420 70 5 59 1 0 72 1 0 0
15430 70 5 61 2 0 72 0 0 0
15431 70 5 62 1 0 72 0 0 0
15432 70 5 61 2 0 72 0 0 0
15610 71 3 54 1 0 68 1 1 0
15620 71 3 55 1 0 68 1 0 0
15630 71 3 56 1 0 68 1 0 0
15710 72 2 54 1 0 68 1 1 0
15730 72 2 1000 0 0 68 1 0 0
16310 73 2 59 1 0 71 1 1 0
16320 73 2 1000 0 1 71 1 0 0
16710 74 2 59 1 0 70 1 1 0
16730 74 2 1000 0 0 70 1 0 1
16810 75 4 61 1 0 74 1 1 0
16830 75 4 1000 0 0 74 1 0 2
16831 75 4 74 2 0 84 1 0 2
16832 75 4 1000 0 0 74 1 0 2
16910 76 4 62 1 0 74 1 1 0
16930 76 4 64 1 0 74 1 0 0
16931 76 4 62 2 0 74 0 0 0
16932 76 4 62 2 0 74 0 0 0
17610 77 5 60 1 1 71 1 1 0
17630 77 5 1000 0 0 71 1 0 2
17631 77 5 1000 0 0 71 0 0 2
17632 77 5 1000 0 0 71 0 0 2
17633 77 5 1000 0 0 71 0 0 2
17720 78 3 63 1 0 73 1 0 2
17730 78 3 59 1 0 73 1 1 0
17731 78 3 63 1 0 73 1 0 2
18210 79 6 49 1 0 66 1 1 0
18220 79 6 62 1 0 66 1 0 2
18230 79 6 59 2 0 66 1 0 2
18231 79 6 58 2 0 66 1 0 2
18232 79 6 66 1 0 76 0 0 2
18233 79 6 66 1 0 76 0 0 2
18410 80 4 57 1 0 78 1 1 0
18420 80 4 63 1 0 78 1 0 0
18430 80 4 1000 -1 0 78 0 0 0
18431 80 4 71 1 0 78 0 0 0
18710 81 6 63 1 0 76 1 1 0
18730 81 6 1000 -1 0 76 1 0 0
18731 81 6 63 1 0 76 1 0 0
18732 81 6 65 2 0 76 1 0 0
18733 81 6 65 2 0 76 0 0 0
18734 81 6 65 2 0 76 0 0 0
19110 82 3 62 1 0 76 1 1 0
19120 82 3 65 2 0 76 1 0 0
19130 82 3 63 1 0 76 0 0 0
19210 83 5 66 1 0 76 1 1 0
19230 83 5 1000 0 0 76 1 0 2
19231 83 5 1000 0 0 76 1 0 2
19232 83 5 1000 0 0 76 1 0 2
19233 83 5 1000 0 0 76 0 0 2
19310 84 4 66 1 0 76 1 1 0
19330 84 4 1000 -1 0 76 1 0 2
19331 84 4 67 1 0 76 0 0 2
19332 84 4 67 1 0 76 1 0 2
19410 85 2 65 1 0 75 1 1 0
19430 85 2 1000 0 0 75 1 0 1
19510 86 2 67 1 0 78 1 1 0
19530 86 2 68 1 0 78 1 0 0
19610 87 3 65 1 0 79 1 1 0
19630 87 3 69 1 0 79 1 0 0
19631 87 3 69 1 0 79 1 0 0
19710 88 2 69 1 0 80 1 1 0
19730 88 2 72 1 0 80 1 0 2
20010 89 3 74 1 0 81 1 1 0
20030 89 3 1000 0 0 81 1 0 1
20031 89 3 1000 0 0 81 1 0 1
20310 90 4 72 2 0 79 1 1 0
20330 90 4 75 2 1 79 1 0 0
20331 90 4 79 2 0 89 0 0 0
20332 90 4 79 2 0 89 0 0 0
20810 91 2 74 1 0 86 1 1 0
20830 91 2 1000 0 0 86 1 0 1
21710 92 3 85 1 0 92 1 1 0
21730 92 3 1000 0 0 92 1 0 2
21731 92 3 1000 0 0 90 1 0 2
21920 93 3 91 1 0 103 1 1 0
21930 93 3 1000 0 0 96 1 0 1
21931 93 3 1000 -1 0 103 1 0 2
22010 94 6 89 1 0 99 1 1 0
22030 94 6 91 1 0 99 1 0 0
22031 94 6 89 2 0 99 1 0 0
22032 94 6 89 2 0 99 1 0 0
22033 94 6 89 2 0 99 0 0 0
22034 94 6 90 2 0 99 0 0 0
22310 95 4 90 2 0 100 1 1 0
22320 95 4 92 1 0 100 1 0 0
22330 95 4 90 1 0 100 0 0 0
22331 95 4 90 1 0 100 0 0 0
22720 96 3 96 1 0 104 1 1 0
22730 96 3 1000 0 0 104 1 0 0
22731 96 3 1000 0 0 104 0 0 0
23110 97 6 96 1 1 107 1 1 0
23120 97 6 1000 0 1 107 1 0 1
23130 97 6 1000 0 0 106 1 0 1
23131 97 6 1000 0 0 106 1 0 1
23132 97 6 1000 0 0 106 1 0 1
23133 97 6 1000 0 0 106 1 0 1
23310 98 2 105 1 1 117 1 1 0
23320 98 2 106 2 1 117 1 0 1
23410 99 7 103 1 0 117 1 1 0
23430 99 7 103 2 0 117 1 0 0
23431 99 7 102 1 0 117 1 0 0
23432 99 7 102 1 0 117 1 0 0
23433 99 7 1000 0 0 117 1 0 2
23434 99 7 102 1 0 117 1 0 0
23435 99 7 103 1 0 117 1 0 0
24510 100 4 128 2 0 138 1 1 0
24520 100 4 1000 0 1 138 1 0 0
24530 100 4 131 2 0 138 1 0 0
24531 100 4 1000 0 0 137 0 0 0
24620 101 2 146 2 1 148 1 1 0
24630 101 2 1000 0 1 148 1 0 2
24810 102 3 40 1 0 51 1 1 0
24830 102 3 43 1 0 51 1 0 0
24831 102 3 1000 0 0 51 0 0 0
25010 103 5 40 1 0 54 1 1 0
25020 103 5 42 1 0 54 1 0 0
25030 103 5 42 1 0 54 1 0 0
25031 103 5 44 2 0 54 0 0 0
25032 103 5 44 2 0 54 0 0 0
25110 104 2 45 1 0 53 1 1 0
25130 104 2 1000 0 0 53 1 0 2
25210 105 2 38 1 0 52 1 1 0
25220 105 2 44 1 0 52 1 0 2
25310 106 6 40 1 0 52 1 1 0
25330 106 6 41 1 0 52 1 0 0
25331 106 6 40 1 0 52 1 0 0
25332 106 6 38 1 0 52 1 0 0
25333 106 6 41 1 0 52 1 0 0
25334 106 6 1000 0 0 52 1 0 0
25610 107 5 39 1 0 52 1 1 0
25620 107 5 40 1 0 52 1 0 0
25630 107 5 42 1 0 52 1 0 0
25631 107 5 42 1 0 52 0 0 0
25632 107 5 42 2 0 52 0 0 0
25710 108 2 39 1 0 51 1 1 0
25730 108 2 39 1 0 51 1 0 0
25810 109 4 39 1 0 50 1 1 0
25830 109 4 1000 -1 0 50 1 0 2
25831 109 4 1000 -1 0 50 0 0 2
25832 109 4 1000 0 0 50 1 0 2
26210 110 3 44 2 0 53 1 1 0
26220 110 3 1000 0 0 53 1 0 0
26230 110 3 1000 0 0 53 0 0 0
26510 111 12 35 1 0 47 1 1 0
26530 111 12 1000 0 0 47 1 0 2
26531 111 12 1000 0 0 47 1 0 2
26532 111 12 40 2 0 47 0 0 2
26533 111 12 40 2 0 47 0 0 2
26534 111 12 40 2 0 47 0 0 2
26535 111 12 1000 0 0 47 1 0 2
26536 111 12 1000 0 0 47 1 0 2
26537 111 12 1000 0 0 47 1 0 2
26538 111 12 1000 0 0 47 1 0 2
26539 111 12 1000 0 0 47 1 0 2
26540 111 12 1000 0 0 47 1 0 2
26610 112 2 40 1 0 50 1 1 0
26630 112 2 1000 0 0 50 1 0 2
26710 113 7 36 1 0 51 1 1 0
26730 113 7 33 1 0 51 1 0 0
26731 113 7 37 1 0 51 1 0 0
26732 113 7 37 1 0 51 1 0 0
26733 113 7 42 2 0 51 0 0 0
26734 113 7 42 2 0 51 0 0 0
26735 113 7 39 1 0 51 0 0 0
26810 114 5 38 1 0 51 1 1 0
26830 114 5 39 1 0 51 1 0 0
26831 114 5 40 1 0 51 1 0 0
26832 114 5 40 1 0 51 1 0 0
26833 114 5 41 1 0 51 0 0 0
27010 115 5 36 1 0 49 1 1 0
27030 115 5 38 1 0 49 1 0 0
27031 115 5 40 2 0 49 0 0 0
27032 115 5 40 2 0 49 0 0 0
27033 115 5 1000 0 0 49 0 0 0
27310 116 7 26 1 0 47 0 1 0
27320 116 7 39 1 0 47 1 0 0
27330 116 7 38 1 0 47 1 0 0
27331 116 7 35 1 0 47 0 0 0
27332 116 7 29 1 0 47 0 0 0
27333 116 7 43 2 0 47 0 0 0
37234 116 7 1000 0 0 47 0 0 0
27610 117 5 33 2 0 45 0 1 0
27620 117 5 36 1 0 45 1 0 0
27630 117 5 40 1 0 45 1 0 0
27631 117 5 34 2 0 45 0 0 0
27632 117 5 34 2 0 45 0 0 0
27710 118 3 32 1 0 43 1 1 0
27730 118 3 1000 0 0 43 1 0 1
27731 118 3 1000 0 0 43 0 0 1
27810 119 3 31 2 0 43 1 1 0
27830 119 3 32 2 0 43 1 0 2
27831 119 3 34 2 0 43 1 0 2
28010 120 3 37 1 0 51 1 1 0
28030 120 3 44 1 0 51 1 0 2
28031 120 3 42 1 0 51 1 0 2
28110 121 5 40 1 0 51 1 1 0
28130 121 5 1000 0 0 51 1 0 2
28131 121 5 1000 0 0 51 1 0 2
28132 121 5 1000 0 0 51 1 0 2
28133 121 5 1000 0 0 51 1 0 2
28210 122 5 34 1 0 43 1 1 0
28230 122 5 1000 0 0 43 1 0 2
28231 122 5 1000 0 0 43 1 0 2
28232 122 5 1000 0 0 43 1 0 2
28233 122 5 1000 0 0 43 0 0 2
28320 123 3 34 1 0 51 1 0 0
28330 123 3 31 1 0 51 0 1 0
28331 123 3 1000 0 0 51 0 0 0
28510 124 3 30 1 0 47 1 1 0
28520 124 3 40 1 0 47 1 0 1
28530 124 3 40 1 0 47 1 0 1
28610 125 5 29 1 0 40 1 1 0
28630 125 5 1000 0 0 40 1 0 1
28631 125 5 1000 0 0 40 1 0 1
28632 125 5 1000 0 0 40 1 0 1
28633 125 5 1000 0 0 40 1 0 1
28710 126 3 38 1 0 54 1 1 0
28720 126 3 38 1 0 54 1 0 0
28730 126 3 39 1 0 54 1 0 0
28810 127 12 34 2 0 46 1 1 0
28811 127 12 34 2 0 46 1 1 0
28812 127 12 34 2 0 46 0 1 0
28820 127 12 37 2 0 46 1 0 0
28830 127 12 1000 0 0 42 1 0 0
28831 127 12 37 2 0 46 1 0 0
28832 127 12 37 2 0 46 1 0 0
28833 127 12 1000 0 0 42 1 0 0
28834 127 12 37 2 0 46 0 0 0
28835 127 12 1000 0 0 42 0 0 0
28836 127 12 1000 0 0 42 0 0 0
28837 127 12 37 2 0 46 0 0 0
28910 128 3 36 1 0 47 1 1 0
28930 128 3 1000 0 0 46 1 0 0
28931 128 3 1000 0 0 47 0 0 0
29010 129 2 32 1 0 46 1 1 0
29030 129 2 36 1 0 46 1 0 2
