210 0 7 69 1 1 82 1 1 0
230 0 7 1000 0 1 82 1 0 2
231 0 7 1000 0 0 82 0 0 2
232 0 7 73 2 0 82 0 0 2
233 0 7 1000 0 0 82 0 0 2
234 0 7 1000 0 0 82 1 0 2
235 0 7 1000 0 0 82 1 0 2
310 1 4 66 1 0 85 1 1 0
320 1 4 73 1 1 85 1 0 1
330 1 4 77 1 0 85 1 0 1
331 1 4 76 1 0 85 1 0 1
410 2 8 76 1 0 92 1 1 0
420 2 8 84 1 1 92 1 0 1
421 2 8 84 2 1 92 1 0 1
430 2 8 78 2 0 92 0 0 1
431 2 8 79 1 0 92 0 0 1
432 2 8 81 1 0 92 0 0 1
433 2 8 85 2 0 92 0 0 1
434 2 8 1000 0 0 92 0 0 1
510 3 4 54 2 0 63 1 1 0
520 3 4 1000 0 1 63 1 0 2
530 3 4 1000 0 0 62 1 0 2
531 3 4 1000 0 0 62 1 0 2
610 4 5 52 1 0 66 1 1 0
620 4 5 1000 0 1 61 1 0 1
630 4 5 1000 0 0 62 1 0 1
631 4 5 57 1 0 66 1 0 1
632 4 5 1000 0 0 66 0 0 1
710 5 5 47 2 0 61 1 1 0
720 5 5 1000 0 1 61 1 0 2
730 5 5 1000 0 0 61 1 0 2
731 5 5 1000 0 0 61 1 0 2
732 5 5 1000 0 0 61 1 0 2
810 6 5 55 2 0 66 0 1 0
820 6 5 1000 0 1 66 1 0 1
830 6 5 1000 0 1 66 1 0 1
831 6 5 1000 0 0 66 1 0 1
832 6 5 1000 0 0 66 1 0 1
910 7 2 56 1 0 65 1 1 0
920 7 2 1000 0 1 65 1 0 1
1010 8 5 48 1 0 63 1 1 0
1020 8 5 1000 0 1 63 1 0 2
1030 8 5 1000 0 0 63 1 0 2
1031 8 5 51 2 1 63 1 0 1
1032 8 5 52 1 0 63 1 0 1
1110 9 6 55 1 0 67 1 1 0
1120 9 6 1000 0 1 67 1 0 1
1130 9 6 57 2 0 67 0 0 0
1131 9 6 57 2 0 67 0 0 0
1132 9 6 57 2 0 67 0 0 0
1133 9 6 56 1 0 67 0 0 0
1210 10 3 59 1 0 63 1 1 0
1220 10 3 1000 0 1 63 1 0 2
1230 10 3 1000 0 0 73 1 0 2
1310 11 4 61 2 0 69 1 1 0
1320 11 4 1000 0 -1 69 1 0 1
1330 11 4 1000 0 0 69 1 0 1
1331 11 4 1000 0 0 69 1 0 1
1410 12 5 59 1 0 69 1 1 0
1420 12 5 1000 0 1 69 1 0 1
1430 12 5 59 1 0 69 0 0 1
1431 12 5 61 1 0 69 0 0 1
1432 12 5 1000 0 0 69 0 0 1
1510 13 8 63 1 0 72 1 1 0
1520 13 8 1000 0 1 71 1 0 2
1530 13 8 1000 0 0 71 1 0 2
1531 13 8 1000 0 0 71 1 0 2
1532 13 8 1000 0 0 71 1 0 2
1533 13 8 1000 0 0 71 1 0 2
1534 13 8 1000 0 0 71 0 0 2
1535 13 8 71 1 0 72 0 0 2
1610 14 5 56 1 0 75 1 1 0
1620 14 5 1000 0 1 72 1 0 2
1630 14 5 1000 0 0 75 1 0 2
1631 14 5 1000 0 0 75 1 0 2
1632 14 5 1000 0 0 75 1 0 2
1710 15 4 63 1 0 79 1 1 0
1720 15 4 1000 0 1 75 1 0 2
1730 15 4 1000 0 0 79 1 0 2
1731 15 4 67 1 0 79 1 0 2
1810 16 4 62 1 0 73 1 1 0
1820 16 4 1000 0 1 73 1 0 2
1830 16 4 1000 0 0 73 1 0 2
1831 16 4 1000 0 0 73 1 0 2
1910 17 4 73 1 0 70 1 1 0
1920 17 4 1000 0 1 70 1 0 2
1930 17 4 1000 0 0 73 1 0 2
1931 17 4 1000 0 0 73 1 0 2
2010 18 3 66 1 0 79 1 1 0
2020 18 3 73 1 1 79 1 0 2
2030 18 3 1000 0 0 71 1 0 2
2110 19 4 52 1 0 78 1 1 0
2120 19 4 1000 0 1 71 1 0 2
2130 19 4 1000 0 1 62 1 0 2
2131 19 4 78 1 0 88 1 0 1
2220 20 4 1000 0 1 69 1 0 2
2230 20 4 1000 0 0 70 1 0 2
2231 20 4 59 1 0 70 1 0 2
2232 20 4 54 1 0 70 1 1 0
2310 21 2 66 1 0 70 1 1 0
2320 21 2 1000 0 1 70 1 0 2
2410 22 5 68 1 0 76 1 1 2
2420 22 5 1000 0 1 76 1 0 1
2431 22 5 1000 0 0 76 0 0 2
2432 22 5 1000 0 0 76 0 0 2
2433 22 5 1000 0 0 76 0 0 2
2510 23 6 68 1 0 78 1 1 0
2520 23 6 1000 0 1 75 1 0 0
2530 23 6 1000 0 1 78 1 0 2
2531 23 6 68 1 0 78 1 0 2
2532 23 6 1000 0 0 78 1 0 0
2533 23 6 1000 0 0 78 0 0 0
2610 24 5 60 1 0 69 1 1 0
2620 24 5 1000 0 1 69 1 0 2
2630 24 5 61 1 0 69 1 0 2
2631 24 5 1000 0 -1 69 1 0 2
2632 24 5 1000 0 0 67 1 0 2
2710 25 6 68 1 0 79 1 1 0
2720 25 6 1000 0 1 79 1 0 1
2730 25 6 71 2 0 79 1 0 1
2731 25 6 71 2 0 79 0 0 1
2732 25 6 1000 0 0 79 0 0 1
2733 25 6 64 1 0 79 0 0 1
2910 26 5 80 1 0 91 1 1 0
2920 26 5 1000 0 1 89 1 0 2
2930 26 5 1000 0 1 91 1 0 2
2931 26 5 1000 0 1 91 1 0 2
2932 26 5 1000 0 0 91 1 0 2
3010 27 3 73 2 0 88 0 1 0
3020 27 3 1000 0 1 78 1 0 0
3030 27 3 75 1 0 88 1 0 0
3110 28 4 69 1 0 74 1 1 0
3120 28 4 1000 0 1 74 1 0 2
3130 28 4 1000 0 1 74 1 0 2
3131 28 4 1000 0 0 74 0 0 2
3210 29 4 59 1 0 93 1 1 0
3220 29 4 1000 0 1 86 1 0 0
3230 29 4 1000 0 0 93 0 0 0
3231 29 4 75 2 0 93 0 0 0
3310 30 5 73 1 0 86 0 1 2
3320 30 5 1000 0 1 86 1 0 2
3321 30 5 1000 0 1 85 1 0 2
3330 30 5 1000 0 0 86 1 0 2
3331 30 5 1000 0 1 86 1 0 2
3410 31 2 69 1 0 84 1 1 0
3420 31 2 1000 0 1 84 1 0 2
3510 32 4 73 2 0 82 1 1 0
3520 32 4 1000 0 1 80 1 0 2
3530 32 4 1000 0 0 82 1 0 2
3531 32 4 1000 0 0 82 1 0 2
3610 33 2 79 1 0 88 1 1 0
3620 33 2 1000 0 1 88 1 0 2
3710 34 5 64 1 0 104 0 1 0
3720 34 5 1000 0 1 99 1 0 0
3730 34 5 1000 0 0 104 1 0 0
3731 34 5 1000 0 -1 104 0 0 1
3732 34 5 1000 0 0 104 0 0 0
3810 35 4 94 2 0 111 0 1 0
3820 35 4 1000 0 1 110 1 0 0
3830 35 4 1000 0 1 102 1 0 0
3831 35 4 1000 0 0 111 0 0 0
3910 36 5 62 1 0 78 1 1 0
3920 36 5 1000 0 1 78 1 0 2
3930 36 5 64 1 0 78 1 0 2
3931 36 5 1000 0 0 76 0 0 2
3932 36 5 66 2 0 78 0 0 2
4010 37 5 1000 0 0 77 1 0 2
4020 37 5 1000 0 1 77 1 0 2
4030 37 5 1000 0 0 77 1 0 2
4031 37 5 68 1 0 77 1 1 0
4032 37 5 1000 0 -1 77 1 0 2
4210 38 4 52 1 0 63 1 1 0
4220 38 4 1000 0 1 63 1 0 2
4230 38 4 1000 0 1 63 1 0 2
4231 38 4 1000 0 0 63 1 0 2
4310 39 2 61 2 0 68 1 1 0
4320 39 2 1000 0 1 68 1 0 1
4410 40 4 61 1 0 68 1 1 0
4420 40 4 1000 0 1 68 1 0 2
4430 40 4 1000 0 1 68 1 0 2
4431 40 4 1000 0 1 67 1 0 2
4510 41 2 47 1 0 68 1 1 0
4520 41 2 1000 0 0 68 1 0 0
4610 42 4 60 1 0 78 1 1 0
4611 42 4 60 1 0 78 1 1 0
4620 42 4 1000 0 1 68 1 0 2
4630 42 4 1000 0 1 78 1 0 2
4710 43 4 61 2 0 71 0 1 0
4720 43 4 1000 0 1 71 1 0 0
4730 43 4 1000 0 0 68 1 0 2
4731 43 4 1000 0 0 68 0 0 2
4810 44 7 60 1 0 68 1 1 2
4820 44 7 1000 0 1 68 1 0 2
4831 44 7 62 1 0 68 1 0 2
4832 44 7 62 1 0 68 0 0 2
4833 44 7 1000 0 0 61 1 0 2
4834 44 7 1000 0 0 61 1 0 2
4835 44 7 1000 0 0 61 0 0 2
4910 45 3 62 1 0 75 1 1 0
4920 45 3 68 2 1 75 1 0 0
4930 45 3 62 1 0 75 1 0 0
5010 46 8 58 1 0 69 1 1 0
5020 46 8 1000 0 1 69 1 0 0
5030 46 8 1000 0 0 69 1 0 0
5031 46 8 1000 0 0 69 1 0 0
5032 46 8 1000 0 0 69 1 0 0
5033 46 8 1000 0 0 69 1 0 0
5034 46 8 1000 0 0 69 0 0 0
5035 46 8 1000 0 0 69 0 0 0
5110 47 4 70 1 0 75 1 1 0
5120 47 4 1000 0 1 75 1 0 2
5130 47 4 1000 0 1 85 1 0 2
5131 47 4 1000 0 0 85 1 0 2
5210 48 5 1000 0 1 72 1 0 2
5220 48 5 1000 0 1 82 1 0 2
5230 48 5 65 1 0 72 1 1 0
5231 48 5 1000 0 0 72 1 0 1
5232 48 5 1000 0 0 72 0 0 1
5310 49 7 66 1 0 70 1 1 0
5320 49 7 1000 0 1 70 1 0 2
5330 49 7 1000 0 1 80 1 0 2
5331 49 7 1000 0 1 80 1 0 2
5332 49 7 1000 0 0 80 1 0 2
5333 49 7 1000 0 0 80 0 0 2
5334 49 7 1000 0 0 80 0 0 2
5510 50 4 71 1 0 76 0 1 0
5520 50 4 1000 0 1 76 1 0 2
5530 50 4 1000 0 0 75 1 0 2
5531 50 4 1000 0 0 75 0 0 2
5610 51 5 69 1 0 82 1 1 0
5620 51 5 1000 0 1 82 1 0 2
5621 51 5 1000 0 1 76 1 0 2
5630 51 5 1000 0 0 81 1 0 2
5631 51 5 1000 0 0 81 1 0 2
5810 52 5 65 1 0 87 1 1 2
5820 52 5 1000 0 1 77 1 0 2
5830 52 5 1000 0 0 87 1 0 2
5831 52 5 75 2 0 87 0 0 2
5832 52 5 73 1 0 87 1 0 2
6010 53 3 71 2 0 84 0 1 0
6020 53 3 75 2 1 84 1 0 0
6030 53 3 1000 0 0 76 1 0 2
6110 54 6 82 1 0 100 1 1 0
6120 54 6 87 2 1 100 1 0 0
6130 54 6 1000 0 1 90 1 0 0
6131 54 6 85 1 0 100 0 0 0
6132 54 6 85 1 0 100 0 0 0
6133 54 6 85 1 0 100 0 0 0
6210 55 5 73 1 0 86 1 1 0
6220 55 5 1000 0 1 86 1 0 0
6230 55 5 1000 0 1 86 1 0 0
6231 55 5 81 2 0 86 1 0 0
6332 55 5 83 1 0 86 0 0 0
6310 56 3 82 1 0 97 0 1 0
6320 56 3 88 1 1 97 1 0 0
6330 56 3 1000 0 1 97 1 0 1
6410 57 5 81 1 0 96 1 1 0
6420 57 5 1000 0 1 96 1 0 1
6430 57 5 1000 0 0 91 1 0 2
6431 57 5 1000 0 0 91 0 0 2
6432 57 5 93 1 0 96 0 0 2
6610 58 5 83 2 0 91 0 1 0
6620 58 5 1000 0 1 91 1 0 0
6630 58 5 1000 0 0 91 1 0 0
6631 58 5 1000 0 0 91 0 0 0
6632 58 5 83 2 0 91 0 0 0
6710 59 3 87 1 0 98 1 1 0
6720 59 3 1000 0 1 98 1 0 2
6730 59 3 1000 0 0 98 1 0 2
6810 60 5 85 1 0 103 1 1 0
6820 60 5 1000 0 1 93 1 0 0
6830 60 5 1000 0 1 103 1 0 2
6831 60 5 1000 0 1 103 1 0 2
6832 60 5 89 3 0 103 0 0 0
6910 61 4 90 2 0 99 0 1 0
6920 61 4 1000 0 1 98 1 0 2
6930 61 4 1000 0 1 99 1 0 2
6931 61 4 1000 0 1 99 1 0 2
7010 62 7 53 1 0 62 1 1 0
7020 62 7 1000 0 1 62 1 0 2
7030 62 7 1000 0 1 62 1 0 2
7031 62 7 1000 0 1 62 1 0 2
7032 62 7 1000 0 0 62 1 0 2
7033 62 7 1000 0 0 62 0 0 2
7034 62 7 1000 0 0 62 0 0 2
7210 63 5 84 1 0 94 1 1 0
7220 63 5 1000 0 1 94 1 0 0
7230 63 5 1000 0 0 94 0 0 0
7231 63 5 1000 0 0 94 0 0 0
7232 63 5 1000 0 0 94 0 0 0
7310 64 6 91 1 0 104 0 1 0
7320 64 6 1000 0 1 104 1 0 0
7330 64 6 1000 0 1 104 1 0 0
7331 64 6 94 2 0 104 0 0 0
7332 64 6 1000 0 0 104 0 0 0
7333 64 6 1000 0 0 104 0 0 0
7510 65 4 91 2 0 96 0 1 0
7520 65 4 1000 0 1 106 1 0 0
7530 65 4 1000 0 1 96 1 0 0
7531 65 4 1000 0 0 96 0 0 0
7610 66 6 80 1 0 92 1 1 0
7620 66 6 52 2 1 92 1 0 0
7630 66 6 82 2 0 92 0 0 0
7631 66 6 82 2 0 92 0 0 0
7632 66 6 82 2 0 92 0 0 0
7633 66 6 1000 0 0 92 0 0 0
7710 67 8 62 1 1 72 1 1 0
7720 67 8 62 2 1 72 1 0 0
7730 67 8 63 1 1 72 1 0 0
7731 67 8 1000 0 1 72 1 0 0
7732 67 8 60 1 0 72 1 0 0
7733 67 8 62 2 0 72 1 0 0
7734 67 8 63 1 0 72 1 0 0
7735 67 8 62 2 0 72 0 0 0
8010 68 4 87 2 0 102 0 1 0
8020 68 4 91 2 1 102 1 0 0
8030 68 4 1000 0 1 93 1 0 0
8031 68 4 89 1 0 102 0 0 0
8110 69 4 88 1 1 109 1 1 0
8120 69 4 99 1 1 109 1 0 1
8130 69 4 97 3 1 109 1 0 1
8131 69 4 93 2 1 109 1 0 2
8220 70 4 99 1 1 110 1 1 0
8230 70 4 1000 0 1 113 1 0 2
8231 70 4 1000 0 1 113 1 0 2
8232 70 4 1000 0 1 113 1 0 2
8310 71 3 101 1 1 108 1 1 0
8330 71 3 1000 0 1 108 1 0 1
8331 71 3 1000 0 0 108 0 0 1
8410 72 4 99 1 1 108 1 1 0
8430 72 4 1000 0 1 108 1 0 1
8431 72 4 1000 0 0 108 0 0 1
8432 72 4 1000 0 0 108 0 0 1
8510 73 2 92 1 1 111 1 1 0
8520 73 2 97 1 1 111 1 0 1
8610 74 4 96 1 0 110 1 1 0
8630 74 4 1000 0 0 107 1 0 2
8631 74 4 92 1 0 110 1 0 2
8632 74 4 99 1 0 110 1 0 2
8710 75 6 94 1 1 113 1 1 0
8730 75 6 1000 0 1 113 1 0 1
8731 75 6 101 1 0 113 1 0 1
8732 75 6 1000 0 0 103 1 0 1
8733 75 6 1000 0 0 103 1 0 1
8734 75 6 1000 0 0 103 0 0 1
8810 76 3 109 1 1 110 1 1 0
8830 76 3 1000 0 -1 110 1 0 0
8831 76 3 1000 0 1 110 1 0 0
8910 77 5 102 1 0 115 1 0 0
8920 77 5 101 1 0 115 1 1 0
8930 77 5 1000 0 0 114 0 0 0
8931 77 5 114 2 0 115 0 0 0
8932 77 5 1000 0 0 114 0 0 0
9010 78 6 99 1 0 107 0 1 0
9020 78 6 1000 0 1 106 1 0 2
9021 78 6 1000 0 1 107 1 0 2
9030 78 6 100 1 1 107 1 0 2
9031 78 6 100 1 0 107 1 0 2
9032 78 6 102 1 0 107 0 0 2
9110 79 5 44 1 0 54 1 1 0
9120 79 5 39 1 0 54 1 0 1
9121 79 5 52 1 0 54 1 0 1
9122 79 5 52 1 0 54 1 0 1
9123 79 5 47 1 0 54 0 0 1
9210 80 2 46 1 0 56 1 1 0
9230 80 2 1000 0 0 56 1 0 2
9310 81 4 48 1 1 57 1 1 0
9330 81 4 1000 0 0 57 1 0 2
9331 81 4 1000 0 0 57 1 0 2
9332 81 4 1000 0 0 57 1 0 2
9410 82 2 43 1 0 57 1 1 0
9420 82 2 47 2 0 57 1 0 0
9620 83 4 30 1 0 58 1 1 0
9630 83 4 48 1 0 58 1 0 0
9631 83 4 48 1 0 58 0 0 0
9632 83 4 58 1 0 68 0 0 0
9710 84 3 48 1 0 61 1 1 0
9730 84 3 49 2 0 61 0 0 0
9731 84 3 50 2 0 61 1 0 0
10010 85 2 48 1 0 58 1 1 0
10030 85 2 1000 0 0 59 1 0 1
10210 86 8 48 1 0 61 1 0 0
10230 86 8 49 1 0 61 1 0 0
10231 86 8 49 1 0 61 1 0 0
10232 86 8 49 2 0 61 1 0 0
10234 86 8 58 2 0 61 1 0 0
10235 86 8 48 1 0 61 1 1 0
10236 86 8 1000 0 0 57 1 0 0
10237 86 8 1000 0 0 57 1 0 0
10310 87 4 42 1 0 59 1 1 0
10320 87 4 43 1 0 59 1 0 1
10330 87 4 49 1 0 59 0 0 2
10331 87 4 47 2 0 59 1 0 2
10520 88 2 45 1 0 59 1 1 0
10530 88 2 49 2 0 59 1 0 0
10710 89 6 46 1 0 59 1 1 0
10720 89 6 48 1 1 59 1 0 1
10730 89 6 48 1 0 59 1 0 1
10731 89 6 48 1 0 59 1 0 1
10732 89 6 48 1 0 59 1 0 1
10733 89 6 53 1 0 59 0 0 1
10810 90 6 46 1 0 58 1 1 0
10830 90 6 58 2 0 68 1 0 0
10831 90 6 1000 0 0 58 1 0 2
10832 90 6 1000 0 0 58 1 0 2
10833 90 6 1000 0 0 58 0 0 2
10834 90 6 50 1 0 58 0 0 0
11010 91 3 50 1 0 74 1 1 0
11011 91 3 50 1 0 74 1 1 0
11030 91 3 1000 0 0 74 0 0 0
11110 92 3 52 1 0 56 1 1 1
11130 92 3 1000 0 0 56 1 0 1
11131 92 3 1000 0 0 56 1 0 1
11210 93 3 52 1 0 62 1 0 0
11230 93 3 52 1 0 62 1 1 0
11231 93 3 51 2 0 62 0 0 0
11310 94 5 48 1 0 62 1 1 0
11320 94 5 1000 0 0 61 1 0 2
11321 94 5 1000 0 1 62 1 0 2
11322 94 5 1000 0 0 61 1 0 2
11323 94 5 1000 0 1 61 1 0 2
11410 95 3 53 1 1 61 1 1 1
11430 95 3 1000 0 0 71 1 0 1
11431 95 3 1000 0 0 71 1 0 1
11610 96 4 50 1 0 71 1 1 0
11630 96 4 52 1 0 71 1 0 0
11631 96 4 1000 0 0 71 0 0 2
11632 96 4 1000 0 0 71 0 0 2
11710 97 5 47 1 0 86 1 1 0
11730 97 5 50 2 0 86 1 0 2
11731 97 5 1000 0 0 83 0 0 2
11732 97 5 1000 0 0 86 0 0 2
11733 97 5 68 2 0 86 0 0 2
11810 98 3 51 1 0 62 1 1 0
11830 98 3 1000 0 1 61 1 0 1
11831 98 3 52 2 0 62 1 0 1
11910 99 5 49 1 1 62 1 1 0
11920 99 5 51 2 1 62 1 0 0
11930 99 5 1000 0 0 60 1 0 0
11931 99 5 1000 0 0 62 1 0 0
11932 99 5 1000 0 0 62 0 0 0
12010 100 3 50 1 0 58 1 1 0
12030 100 3 1000 0 1 58 1 0 1
12031 100 3 1000 0 -1 62 1 0 1
12110 101 5 44 1 0 62 1 1 0
12120 101 5 62 1 0 72 1 0 2
12130 101 5 1000 0 -1 56 1 0 2
12131 101 5 1000 0 0 56 1 0 2
12132 101 5 43 1 0 62 0 0 2
12210 102 2 50 1 0 61 1 1 0
12230 102 2 1000 0 0 61 1 0 1
12310 103 2 52 1 1 63 1 1 0
12320 103 2 1000 0 0 63 1 0 2
12410 104 3 50 1 0 61 1 1 0
12430 104 3 1000 0 0 61 1 0 2
12431 104 3 1000 0 0 61 0 0 2
12510 105 5 50 1 0 64 1 1 0
12520 105 5 50 2 1 64 1 0 0
12530 105 5 1000 0 0 57 0 0 0
12531 105 5 57 2 0 64 0 0 0
12532 105 5 1000 0 0 57 0 0 0
12710 106 6 41 1 0 64 1 1 0
12720 106 6 49 1 0 64 1 0 2
12721 106 6 46 1 0 64 1 0 2
12730 106 6 1000 0 0 57 1 0 2
12731 106 6 47 1 0 64 1 0 2
12732 106 6 49 1 0 64 1 0 2
12820 107 2 49 1 0 66 1 1 0
12830 107 2 52 1 0 66 1 0 0
13110 108 8 51 1 0 64 1 1 0
13120 108 8 55 2 1 64 1 0 2
13130 108 8 1000 0 0 64 1 0 2
13131 108 8 1000 0 0 64 0 0 2
13132 108 8 1000 0 0 64 0 0 2
13133 108 8 48 1 0 64 1 0 2
13134 108 8 55 2 0 64 1 0 2
13135 108 8 55 2 0 64 1 0 2
13210 109 2 54 1 1 61 1 1 0
13230 109 2 1000 0 0 61 1 0 0
13410 110 3 52 1 1 64 1 1 0
13430 110 3 1000 0 0 64 1 0 2
13431 110 3 1000 0 0 64 1 0 2
13510 111 7 52 1 0 65 1 1 0
13530 111 7 54 1 0 65 1 0 0
13531 111 7 54 1 0 65 1 0 0
13532 111 7 54 1 0 65 0 0 0
13533 111 7 54 1 0 65 0 0 0
13534 111 7 54 1 0 65 1 0 0
13535 111 7 54 1 0 65 1 0 0
13810 112 3 52 1 0 56 1 1 0
13830 112 3 1000 0 0 64 1 0 2
13831 112 3 1000 0 0 64 1 0 2
13910 113 7 55 2 0 58 1 1 0
13930 113 7 1000 0 0 65 1 0 1
13931 113 7 1000 0 0 65 1 0 1
13932 113 7 1000 0 0 65 1 0 1
13933 113 7 1000 0 0 65 0 0 1
13934 113 7 1000 0 0 65 0 0 1
13935 113 7 1000 0 0 65 1 0 1
14210 114 6 54 1 0 60 1 1 0
14230 114 6 1000 0 -1 60 1 0 1
14231 114 6 1000 0 -1 60 1 0 1
14232 114 6 1000 0 -1 60 1 0 1
14233 114 6 1000 0 -1 60 1 0 1
14234 114 6 1000 0 -1 60 0 0 1
14410 115 4 58 1 0 65 1 1 0
14430 115 4 59 1 0 65 1 0 0
14431 115 4 56 2 0 65 0 0 0
14432 115 4 1000 0 0 65 0 0 1
14510 116 3 54 1 0 65 1 1 0
14530 116 3 56 1 0 65 0 0 0
14531 116 3 65 2 0 75 0 0 0
14610 117 3 57 1 0 70 1 1 1
14630 117 3 1000 0 0 70 1 0 2
14631 117 3 1000 0 0 70 1 0 1
15110 118 2 57 1 0 69 1 1 0
15130 118 2 1000 0 0 69 1 0 2
15210 119 5 55 1 1 69 1 1 1
15211 119 5 55 1 0 69 1 1 1
15230 119 5 1000 0 1 69 1 0 1
15231 119 5 1000 0 0 69 1 0 1
15232 119 5 1000 0 0 69 0 0 1
15410 120 5 56 1 0 72 1 1 0
15420 120 5 59 1 0 72 1 0 0
15430 120 5 61 2 0 72 0 0 0
15431 120 5 62 1 0 72 0 0 0
15432 120 5 61 2 0 72 0 0 0
15610 121 3 54 1 0 68 1 1 0
15620 121 3 55 1 0 68 1 0 0
15630 121 3 56 1 0 68 1 0 0
15710 122 2 54 1 0 68 1 1 0
15730 122 2 1000 0 1 68 1 0 0
16310 123 2 59 1 0 71 1 1 0
16320 123 2 1000 0 1 71 1 0 0
16710 124 2 59 1 0 70 1 1 0
16730 124 2 1000 0 0 70 1 0 1
16810 125 4 61 1 0 74 1 1 0
16830 125 4 1000 0 0 74 1 0 2
16831 125 4 74 2 0 84 1 0 2
16832 125 4 1000 0 0 74 1 0 2
16910 126 4 62 1 0 74 1 1 0
16930 126 4 64 1 0 74 1 0 0
16931 126 4 62 2 0 74 0 0 0
16932 126 4 62 2 0 74 0 0 0
17510 127 8 31 1 0 70 1 0 1
17520 127 8 52 1 0 70 1 0 1
17530 127 8 29 1 0 70 1 1 0
17531 127 8 29 1 0 70 1 0 1
17532 127 8 1000 0 0 70 0 0 1
17533 127 8 32 1 0 70 0 0 1
17534 127 8 32 1 0 70 1 0 1
17535 127 8 32 1 0 70 1 0 1
17610 128 5 60 1 1 71 1 1 0
17630 128 5 1000 0 0 71 1 0 2
17631 128 5 1000 0 0 71 0 0 2
17632 128 5 1000 0 0 71 0 0 2
17633 128 5 1000 0 0 71 0 0 2
17720 129 3 63 1 0 73 1 0 2
17730 129 3 59 1 0 73 1 1 0
17731 129 3 63 1 0 73 1 0 2
18210 130 6 49 1 0 66 1 1 0
18220 130 6 62 1 1 66 1 0 2
18230 130 6 59 2 0 66 1 0 2
18231 130 6 58 2 0 66 1 0 2
18232 130 6 66 1 0 76 0 0 2
18233 130 6 66 1 0 76 0 0 2
18410 131 4 57 1 0 78 1 1 0
18420 131 4 63 1 0 78 1 0 0
18430 131 4 1000 0 -1 78 0 0 0
18431 131 4 71 1 0 78 0 0 0
18710 132 6 63 1 0 76 1 1 0
18730 132 6 1000 0 -1 76 1 0 0
18731 132 6 63 1 0 76 1 0 0
18732 132 6 65 2 0 76 1 0 0
18733 132 6 65 2 0 76 0 0 0
18734 132 6 65 2 0 76 0 0 0
19010 133 4 65 2 1 82 1 1 0
19030 133 4 1000 0 1 82 1 0 0
19031 133 4 1000 0 0 82 0 0 0
19032 133 4 1000 0 0 82 1 0 0
19110 134 3 62 1 0 76 1 1 0
19120 134 3 65 2 0 76 1 0 0
19130 134 3 63 1 0 76 0 0 0
19210 135 5 66 1 0 76 1 1 0
19230 135 5 1000 0 0 76 1 0 2
19231 135 5 1000 0 0 76 1 0 2
19232 135 5 1000 0 0 76 1 0 2
19233 135 5 1000 0 0 76 0 0 2
19310 136 4 66 1 0 76 1 1 0
19330 136 4 1000 0 -1 76 1 0 2
19331 136 4 67 1 0 76 0 0 2
19332 136 4 67 1 0 76 1 0 2
19410 137 2 65 1 0 75 1 1 0
19430 137 2 1000 0 1 75 1 0 1
19510 138 2 67 1 0 78 1 1 0
19530 138 2 68 1 0 78 1 0 0
19610 139 3 65 1 0 79 1 1 0
19630 139 3 69 1 0 79 1 0 0
19631 139 3 69 1 0 79 1 0 0
19710 140 2 69 1 0 80 1 1 0
19730 140 2 72 1 0 80 1 0 2
19910 141 4 68 1 0 71 1 1 0
19930 141 4 1000 0 1 81 1 0 0
19931 141 4 1000 0 1 81 1 0 0
19932 141 4 1000 0 1 81 1 0 0
20010 142 3 74 1 0 81 1 1 0
20030 142 3 1000 0 0 81 1 0 1
20031 142 3 1000 0 0 81 1 0 1
20110 143 4 74 1 0 82 1 1 0
20130 143 4 1000 0 0 82 1 0 2
20131 143 4 1000 0 0 82 0 0 2
20132 143 4 78 1 0 82 0 0 2
20310 144 4 72 2 0 79 1 1 0
20330 144 4 75 2 1 79 1 0 0
20331 144 4 79 2 0 89 0 0 0
20332 144 4 79 2 0 89 0 0 0
20510 145 8 72 1 0 102 1 1 0
20511 145 8 72 1 0 102 1 0 1
20512 145 8 72 1 0 102 1 0 1
20513 145 8 72 1 0 102 0 0 1
20514 145 8 1000 0 0 102 0 0 1
20515 145 8 77 2 0 102 1 0 1
20516 145 8 70 1 0 102 1 0 1
20517 145 8 1000 0 0 102 0 0 1
20710 146 3 71 1 0 85 1 1 0
20730 146 3 1000 0 0 85 1 0 2
20731 146 3 1000 0 0 85 1 0 2
20810 147 2 74 1 0 86 1 1 0
20830 147 2 1000 0 0 86 1 0 1
20910 148 4 73 1 0 86 1 1 0
20930 148 4 75 1 0 86 1 0 0
20931 148 4 75 1 0 86 1 0 0
20932 148 4 1000 0 0 86 1 0 0
21110 149 2 75 1 0 86 1 1 0
21130 149 2 1000 0 0 91 1 0 2
21710 150 3 85 1 0 92 1 1 0
21730 150 3 1000 0 0 92 1 0 2
21731 150 3 1000 0 -1 90 1 0 2
21920 151 3 91 1 0 96 1 1 0
21930 151 3 1000 0 0 96 1 0 1
21931 151 3 1000 0 -1 103 1 0 2
22010 152 6 89 1 0 99 1 1 0
22030 152 6 91 1 0 99 1 0 0
22031 152 6 89 2 0 99 1 0 0
22032 152 6 89 2 0 99 1 0 0
22033 152 6 89 2 0 99 0 0 0
22034 152 6 90 2 0 99 0 0 0
22220 153 2 86 1 0 100 1 1 0
22230 153 2 1000 0 0 100 1 0 2
22310 154 4 90 2 0 100 1 1 0
22320 154 4 92 1 0 100 1 0 0
22330 154 4 90 1 0 100 0 0 0
22331 154 4 90 1 0 100 0 0 0
22510 155 4 93 1 0 99 1 1 0
22520 155 4 1000 0 1 99 1 0 2
22521 155 4 1000 0 1 104 1 0 1
22522 155 4 1000 0 1 104 1 0 1
22720 156 3 96 1 0 104 1 1 0
22730 156 3 1000 0 0 104 1 0 0
22731 156 3 1000 0 0 104 0 0 0
23110 157 6 96 1 1 107 1 1 0
23120 157 6 1000 0 1 107 1 0 1
23130 157 6 1000 0 0 106 1 0 1
23131 157 6 1000 0 0 106 1 0 1
23132 157 6 1000 0 0 106 1 0 1
23133 157 6 1000 0 0 106 1 0 1
23310 158 2 105 1 1 117 1 1 0
23320 158 2 106 2 1 117 1 0 1
23410 159 7 103 1 0 117 1 1 0
23430 159 7 103 2 0 117 1 0 0
23431 159 7 102 1 0 117 1 0 0
23432 159 7 102 1 0 117 1 0 0
23433 159 7 1000 0 0 117 1 0 2
23434 159 7 102 1 0 117 1 0 0
23435 159 7 103 1 0 117 1 0 0
23510 160 4 44 1 0 52 1 1 0
23530 160 4 1000 0 -1 65 1 0 2
23531 160 4 1000 0 0 51 1 0 2
23532 160 4 1000 0 0 52 1 0 2
23710 161 5 107 2 0 117 1 1 0
23720 161 5 1000 0 1 113 1 0 0
23730 161 5 1000 0 1 117 1 0 0
23731 161 5 1000 0 0 117 1 0 0
23732 161 5 1000 0 0 117 0 0 0
23810 162 5 111 2 0 119 0 1 0
23820 162 5 1000 0 1 119 1 0 0
23830 162 5 1000 0 1 119 1 0 0
23831 162 5 1000 0 0 119 0 0 2
23832 162 5 1000 0 0 119 1 0 2
23910 163 5 110 1 1 125 1 1 2
23920 163 5 115 1 1 125 1 0 0
23930 163 5 1000 0 0 125 0 0 2
23931 163 5 1000 0 0 125 0 0 2
23932 163 5 1000 0 0 125 0 0 2
24010 164 4 114 1 0 128 1 1 0
24020 164 4 1000 0 1 118 1 0 1
24030 164 4 1000 0 1 128 1 0 1
24031 164 4 1000 0 0 128 0 0 1
24110 165 6 113 2 0 122 0 1 0
24120 165 6 1000 0 1 122 1 0 1
24130 165 6 1000 0 1 122 1 0 1
24131 165 6 1000 0 1 122 1 0 2
24132 165 6 1000 0 0 122 1 0 2
24133 165 6 1000 0 0 122 0 0 2
24210 166 4 113 2 1 123 1 1 0
24230 166 4 1000 0 1 123 1 0 2
24231 166 4 1000 0 0 123 0 0 2
24232 166 4 1000 0 0 123 0 0 2
24310 167 4 122 2 0 135 0 0 0
24320 167 4 122 1 1 135 1 0 0
24330 167 4 1000 0 1 135 1 0 0
24331 167 4 120 1 0 135 0 1 0
24510 168 4 128 2 0 138 1 1 0
24520 168 4 1000 0 1 138 1 0 0
24530 168 4 131 2 0 138 1 0 0
24531 168 4 1000 0 0 137 0 0 0
24620 169 2 146 2 1 148 1 1 0
24630 169 2 1000 0 1 148 1 0 2
24710 170 7 32 1 0 51 1 1 0
24720 170 7 37 1 0 51 1 0 0
24730 170 7 39 1 0 51 1 0 0
24731 170 7 39 2 0 51 0 0 0
24732 170 7 39 2 0 51 0 0 0
24733 170 7 1000 0 0 51 0 0 0
24734 170 7 1000 0 0 51 0 0 0
24810 171 3 40 1 0 51 1 1 0
24830 171 3 43 1 0 51 1 0 0
24831 171 3 1000 0 0 51 0 0 0
24910 172 8 37 1 0 54 1 0 1
24920 172 8 37 1 0 54 1 1 0
24930 172 8 41 1 0 54 1 0 1
24931 172 8 41 1 0 54 1 0 1
24932 172 8 1000 0 0 54 1 0 1
24933 172 8 1000 0 0 54 1 0 1
24934 172 8 1000 0 0 54 1 0 1
24935 172 8 1000 0 0 54 1 0 1
25010 173 5 40 1 0 54 1 1 0
25020 173 5 42 1 0 54 1 0 0
25030 173 5 42 1 0 54 1 0 0
25031 173 5 44 2 0 54 0 0 0
25032 173 5 44 2 0 54 0 0 0
25110 174 2 45 1 0 53 1 1 0
25130 174 2 1000 0 0 53 1 0 2
25210 175 2 38 1 1 52 1 1 0
25220 175 2 44 1 1 52 1 0 2
25310 176 6 40 1 0 52 1 1 0
25330 176 6 41 1 0 52 1 0 0
25331 176 6 40 1 0 52 1 0 0
25332 176 6 38 1 0 52 1 0 0
25333 176 6 41 1 0 52 1 0 0
25334 176 6 1000 0 0 52 1 0 0
25410 177 4 42 2 1 43 1 1 0
25430 177 4 1000 0 0 53 1 0 2
25431 177 4 1000 0 0 53 1 0 2
25432 177 4 1000 0 0 53 0 0 2
25510 178 5 47 1 0 55 0 1 0
25520 178 5 50 1 0 55 1 0 0
2553 178 5 55 2 0 65 0 0 0
25530 178 5 41 1 0 55 1 0 0
25531 178 5 1000 0 0 55 0 0 0
25610 179 5 39 1 0 52 1 1 0
25620 179 5 40 1 0 52 1 0 0
25630 179 5 42 1 0 52 1 0 0
25631 179 5 42 1 0 52 0 0 0
25632 179 5 42 2 0 52 0 0 0
25710 180 2 39 1 0 51 1 1 0
25730 180 2 39 1 0 51 1 0 0
25810 181 4 39 1 0 50 1 1 0
25830 181 4 1000 0 -1 50 1 0 2
25831 181 4 1000 0 -1 50 0 0 2
25832 181 4 1000 0 0 50 1 0 2
26210 182 3 44 2 0 53 1 1 0
26220 182 3 1000 0 0 53 1 0 0
26230 182 3 1000 0 0 53 0 0 0
26410 183 3 38 1 0 47 1 1 0
26430 183 3 1000 0 0 47 1 0 1
26431 183 3 1000 0 0 47 1 0 1
26510 184 12 35 1 0 47 1 1 0
26530 184 12 1000 0 0 47 1 0 2
26531 184 12 1000 0 0 47 1 0 2
26532 184 12 40 2 0 47 0 0 2
26533 184 12 40 2 0 47 0 0 2
26534 184 12 40 2 0 47 0 0 2
26535 184 12 1000 0 0 47 1 0 2
26536 184 12 1000 0 0 47 1 0 2
26537 184 12 1000 0 0 47 1 0 2
26538 184 12 1000 0 0 47 1 0 2
26539 184 12 1000 0 0 47 1 0 2
26540 184 12 1000 0 0 47 1 0 2
26610 185 2 40 1 1 50 1 1 0
26630 185 2 1000 0 0 50 1 0 2
26710 186 7 36 1 0 51 1 1 0
26730 186 7 33 1 0 51 1 0 0
26731 186 7 37 1 0 51 1 0 0
26732 186 7 37 1 0 51 1 0 0
26733 186 7 42 2 0 51 0 0 0
26734 186 7 42 2 0 51 0 0 0
26735 186 7 39 1 0 51 0 0 0
26810 187 5 38 1 0 51 1 1 0
26830 187 5 39 1 0 51 1 0 0
26831 187 5 40 1 0 51 1 0 0
26832 187 5 40 1 0 51 1 0 0
26833 187 5 41 1 0 51 0 0 0
26910 188 3 33 1 0 50 1 1 0
26920 188 3 40 2 0 50 1 0 1
26930 188 3 1000 0 0 50 1 0 2
27010 189 5 36 1 0 49 1 1 0
27030 189 5 38 1 0 49 1 0 0
27031 189 5 40 2 0 49 0 0 0
27032 189 5 40 2 0 49 0 0 0
27033 189 5 1000 0 0 49 0 0 0
27110 190 3 27 1 0 32 1 1 0
27130 190 3 1000 0 0 42 1 0 2
27131 190 3 1000 0 0 42 1 0 2
27210 191 5 36 2 0 46 0 1 0
27220 191 5 33 1 0 46 1 0 0
27230 191 5 1000 0 0 46 1 0 0
27231 191 5 1000 0 0 46 0 0 0
27232 191 5 37 2 0 46 0 0 0
27310 192 7 26 1 0 47 0 1 0
27320 192 7 39 1 0 47 1 0 0
27330 192 7 38 1 0 47 1 0 0
27331 192 7 35 1 0 47 0 0 0
27332 192 7 29 1 0 47 0 0 0
27333 192 7 43 2 0 47 0 0 0
37234 192 7 1000 0 0 47 0 0 0
27410 193 4 32 1 0 45 1 1 0
27430 193 4 33 1 0 45 1 0 1
27432 193 4 1000 0 0 45 1 0 1
27433 193 4 35 2 0 45 1 0 1
27510 194 6 30 1 0 42 1 1 0
27520 194 6 30 1 0 42 1 0 0
27530 194 6 1000 0 0 42 1 0 2
27531 194 6 1000 0 0 42 1 0 2
27532 194 6 1000 0 0 42 1 0 2
27533 194 6 1000 0 0 42 0 0 2
27610 195 5 33 2 0 45 0 1 0
27620 195 5 36 1 0 45 1 0 0
27630 195 5 40 1 0 45 1 0 0
27631 195 5 34 2 0 45 0 0 0
27632 195 5 34 2 0 45 0 0 0
27710 196 3 32 1 0 43 1 1 0
27730 196 3 1000 0 0 43 1 0 1
27731 196 3 1000 0 0 43 0 0 1
27810 197 3 31 2 0 43 1 1 0
27830 197 3 32 2 0 43 1 0 2
27831 197 3 34 2 0 43 1 0 2
27910 198 5 36 2 0 48 1 1 0
27930 198 5 38 2 0 48 1 0 2
27931 198 5 1000 0 0 48 1 0 2
27932 198 5 1000 0 0 48 1 0 2
27933 198 5 1000 0 0 48 0 0 2
28010 199 3 37 1 0 51 1 1 0
28030 199 3 44 1 0 51 1 0 2
28031 199 3 42 1 0 51 1 0 2
28110 200 5 40 1 0 51 1 1 0
28130 200 5 1000 0 0 51 1 0 2
28131 200 5 1000 0 0 51 1 0 2
28132 200 5 1000 0 0 51 1 0 2
28133 200 5 1000 0 0 51 1 0 2
28210 201 5 34 1 0 43 1 1 0
28230 201 5 1000 0 0 43 1 0 2
28231 201 5 1000 0 0 43 1 0 2
28232 201 5 1000 0 0 43 1 0 2
28233 201 5 1000 0 0 43 0 0 2
28320 202 3 34 1 0 51 1 0 0
28330 202 3 31 1 0 51 0 1 0
28331 202 3 1000 0 0 51 0 0 0
28410 203 6 31 1 0 44 1 1 0
28430 203 6 1000 0 0 44 1 0 2
28431 203 6 1000 0 0 44 1 0 2
28432 203 6 1000 0 0 44 1 0 2
28433 203 6 1000 0 0 44 1 0 1
28434 203 6 1000 0 0 44 1 0 1
28510 204 3 30 1 0 47 1 1 0
28520 204 3 40 1 0 47 1 0 1
28530 204 3 40 1 0 47 1 0 1
28610 205 5 29 1 0 40 1 1 0
28630 205 5 1000 0 0 40 1 0 1
28631 205 5 1000 0 0 40 1 0 1
28632 205 5 1000 0 0 40 1 0 1
28633 205 5 1000 0 0 40 1 0 1
28710 206 3 38 1 0 54 1 1 0
28720 206 3 38 1 1 54 1 0 0
28730 206 3 39 1 0 54 1 0 0
28810 207 12 34 2 0 46 1 1 0
28811 207 12 34 2 0 46 1 1 0
28812 207 12 34 2 0 46 0 1 0
28820 207 12 37 2 0 46 1 0 0
28830 207 12 1000 0 0 42 1 0 0
28831 207 12 37 2 0 46 1 0 0
28832 207 12 37 2 0 46 1 0 0
28833 207 12 1000 0 0 42 1 0 0
28834 207 12 37 2 0 46 0 0 0
28835 207 12 1000 0 0 42 0 0 0
28836 207 12 1000 0 0 42 0 0 0
28837 207 12 37 2 0 46 0 0 0
28910 208 3 36 1 0 47 1 1 0
28930 208 3 1000 0 0 46 1 0 0
28931 208 3 1000 0 0 47 0 0 0
29010 209 2 32 1 0 46 1 1 0
29030 209 2 36 1 0 46 1 0 2
