310 0 4 66 1 0 85 1 1 0
320 0 4 73 1 1 85 1 0 1
330 0 4 77 1 0 85 1 0 1
331 0 4 76 1 0 85 1 0 1
410 1 8 76 1 0 92 1 1 0
420 1 8 84 1 1 92 1 0 1
421 1 8 84 2 1 92 1 0 1
430 1 8 78 2 0 92 0 0 1
431 1 8 79 1 0 92 0 0 1
432 1 8 81 1 0 92 0 0 1
433 1 8 85 2 0 92 0 0 1
434 1 8 1000 0 0 92 0 0 1
510 2 4 54 2 0 63 1 1 0
520 2 4 1000 0 1 63 1 0 2
530 2 4 1000 0 0 62 1 0 2
531 2 4 1000 0 0 62 1 0 2
610 3 5 52 1 0 66 1 1 0
620 3 5 1000 0 1 61 1 0 1
630 3 5 1000 0 0 62 1 0 1
631 3 5 57 1 0 66 1 0 1
632 3 5 1000 -1 0 66 0 0 1
710 4 5 47 2 0 61 1 1 0
720 4 5 1000 0 0 61 1 0 2
730 4 5 1000 0 0 61 1 0 2
731 4 5 1000 0 0 61 1 0 2
732 4 5 1000 0 0 61 1 0 2
810 5 5 55 2 0 66 0 1 0
820 5 5 1000 0 0 66 1 0 1
830 5 5 1000 0 1 66 1 0 1
831 5 5 1000 -1 0 66 1 0 1
832 5 5 1000 -1 0 66 1 0 1
910 6 2 56 1 0 65 1 1 0
920 6 2 1000 0 0 65 1 0 1
1010 7 5 48 1 0 63 1 1 0
1020 7 5 1000 0 1 63 1 0 2
1030 7 5 1000 -1 0 63 1 0 2
1031 7 5 51 2 0 63 1 0 1
1032 7 5 52 1 0 63 1 0 1
1110 8 6 55 1 0 67 1 1 0
1120 8 6 1000 0 0 67 1 0 1
1130 8 6 57 2 0 67 0 0 0
1131 8 6 57 2 0 67 0 0 0
1132 8 6 57 2 0 67 0 0 0
1133 8 6 56 1 0 67 0 0 0
1210 9 3 59 1 0 73 1 1 0
1220 9 3 1000 0 1 63 1 0 2
1230 9 3 1000 -1 0 73 1 0 2
1410 10 5 59 1 0 69 1 1 0
1420 10 5 1000 0 0 69 1 0 1
1430 10 5 59 1 0 69 0 0 1
1431 10 5 61 1 0 69 0 0 1
1432 10 5 1000 -1 0 69 0 0 1
1910 11 4 73 1 0 83 1 1 0
1920 11 4 1000 0 1 70 1 0 2
1930 11 4 1000 -1 0 73 1 0 2
1931 11 4 1000 -1 0 73 1 0 2
2010 12 3 66 1 0 79 1 1 0
2020 12 3 73 1 1 79 1 0 2
2030 12 3 1000 0 0 71 1 0 2
2410 13 5 68 1 0 76 1 1 2
2420 13 5 1000 0 1 76 1 0 1
2431 13 5 1000 0 0 76 0 0 2
2432 13 5 1000 0 0 76 0 0 2
2433 13 5 1000 0 0 76 0 0 2
2910 14 5 80 1 0 91 1 1 0
2920 14 5 1000 0 1 89 1 0 2
2930 14 5 1000 0 1 91 1 0 2
2931 14 5 1000 0 1 91 1 0 2
2932 14 5 1000 0 0 91 1 0 2
3810 15 4 94 2 0 111 0 1 0
3820 15 4 1000 0 1 110 1 0 0
3830 15 4 1000 0 1 102 1 0 0
3831 15 4 1000 0 0 111 0 0 0
3910 16 5 62 1 0 78 1 1 0
3920 16 5 1000 0 1 78 1 0 2
3930 16 5 64 1 0 78 1 0 2
3931 16 5 1000 0 0 76 0 0 2
3932 16 5 66 2 0 78 0 0 2
4010 17 5 1000 -1 0 77 1 0 2
4020 17 5 1000 0 1 77 1 0 2
4030 17 5 1000 -1 0 77 1 0 2
4031 17 5 68 1 0 77 1 1 0
4032 17 5 1000 -1 0 77 1 0 2
4210 18 4 52 1 0 63 1 1 0
4220 18 4 1000 -1 1 63 1 0 2
4230 18 4 1000 -1 0 63 1 0 2
4231 18 4 1000 0 0 63 1 0 2
4310 19 2 61 2 0 68 1 1 0
4320 19 2 1000 0 1 68 1 0 1
4410 20 4 61 1 0 68 1 1 0
4420 20 4 1000 0 1 68 1 0 2
4430 20 4 1000 -1 1 68 1 0 2
4431 20 4 1000 0 0 67 1 0 2
4610 21 4 60 1 0 78 1 1 0
4611 21 4 60 1 0 78 1 1 0
4620 21 4 1000 0 1 68 1 0 2
4630 21 4 1000 -1 1 78 1 0 2
6210 22 5 73 1 0 86 1 1 0
6220 22 5 1000 0 1 86 1 0 0
6230 22 5 1000 -1 1 86 1 0 0
6231 22 5 81 2 0 86 1 0 0
6332 22 5 83 1 0 86 0 0 0
6610 23 5 83 2 0 91 0 1 0
6620 23 5 1000 0 1 91 1 0 0
6630 23 5 1000 0 0 91 1 0 0
6631 23 5 1000 0 0 91 0 0 0
6632 23 5 83 2 0 91 0 0 0
6710 24 3 87 1 0 98 1 1 0
6720 24 3 1000 0 1 98 1 0 2
6730 24 3 1000 -1 0 98 1 0 2
8010 25 4 87 2 0 102 0 1 0
8020 25 4 91 2 1 102 1 0 0
8030 25 4 1000 0 1 93 1 0 0
8031 25 4 89 1 0 102 0 0 0
8110 26 4 88 1 0 109 1 1 0
8120 26 4 99 1 1 109 1 0 1
8130 26 4 97 3 0 109 1 0 1
8131 26 4 93 2 0 109 1 0 2
8220 27 4 99 1 1 113 1 1 0
8230 27 4 1000 -1 1 113 1 0 2
8231 27 4 1000 -1 1 113 1 0 2
8232 27 4 1000 -1 1 113 1 0 2
8310 28 3 101 1 1 108 1 1 0
8330 28 3 1000 0 1 108 1 0 1
8331 28 3 1000 0 0 108 0 0 1
8410 29 4 99 1 1 108 1 1 0
8430 29 4 1000 0 1 108 1 0 1
8431 29 4 1000 0 0 108 0 0 1
8432 29 4 1000 0 0 108 0 0 1
8510 30 2 92 1 0 111 1 1 0
8520 30 2 97 1 1 111 1 0 1
8610 31 4 96 1 0 110 1 1 0
8630 31 4 1000 0 0 107 1 0 2
8631 31 4 92 1 0 110 1 0 2
8632 31 4 99 1 0 110 1 0 2
8710 32 6 94 1 0 113 1 1 0
8730 32 6 1000 -1 1 113 1 0 1
8731 32 6 101 1 0 113 1 0 1
8732 32 6 1000 0 0 103 1 0 1
8733 32 6 1000 0 0 103 1 0 1
8734 32 6 1000 0 0 103 0 0 1
8810 33 3 109 1 1 110 1 1 0
8830 33 3 1000 0 0 110 1 0 0
8831 33 3 1000 0 1 110 1 0 0
8910 34 5 102 1 0 115 1 0 0
8920 34 5 101 1 0 115 1 1 0
8930 34 5 1000 0 0 114 0 0 0
8931 34 5 114 2 0 115 0 0 0
8932 34 5 1000 0 0 114 0 0 0
9010 35 6 99 1 0 107 0 1 0
9020 35 6 1000 0 1 106 1 0 2
9021 35 6 1000 0 1 107 1 0 2
9030 35 6 100 1 1 107 1 0 2
9031 35 6 100 1 0 107 1 0 2
9032 35 6 102 1 0 107 0 0 2
9110 36 5 44 1 0 54 1 1 0
9120 36 5 39 1 0 54 1 0 1
9121 36 5 52 1 0 54 1 0 1
9122 36 5 52 1 0 54 1 0 1
9123 36 5 47 1 0 54 0 0 1
9210 37 2 46 1 0 56 1 1 0
9230 37 2 1000 0 0 56 1 0 2
9310 38 4 48 1 0 57 1 1 0
9330 38 4 1000 0 0 57 1 0 2
9331 38 4 1000 0 0 57 1 0 2
9332 38 4 1000 0 0 57 1 0 2
9410 39 2 43 1 0 57 1 1 0
9420 39 2 47 2 0 57 1 0 0
9620 40 4 30 1 0 58 1 1 0
9630 40 4 48 1 0 58 1 0 0
9631 40 4 48 1 0 58 0 0 0
9632 40 4 58 1 0 68 0 0 0
9710 41 3 48 1 0 61 1 1 0
9730 41 3 49 2 0 61 0 0 0
9731 41 3 50 2 0 61 1 0 0
10010 42 2 48 1 0 59 1 1 0
10030 42 2 1000 -1 0 59 1 0 1
10210 43 8 48 1 0 61 1 0 0
10230 43 8 49 1 0 61 1 0 0
10231 43 8 49 1 0 61 1 0 0
10232 43 8 49 2 0 61 1 0 0
10234 43 8 58 2 0 61 1 0 0
10235 43 8 48 1 0 61 1 1 0
10236 43 8 1000 0 0 57 1 0 0
10237 43 8 1000 0 0 57 1 0 0
10310 44 4 42 1 0 59 1 1 0
10320 44 4 43 1 0 59 1 0 1
10330 44 4 49 1 0 59 0 0 2
10331 44 4 47 2 0 59 1 0 2
10520 45 2 45 1 0 59 1 1 0
10530 45 2 49 2 0 59 1 0 0
10710 46 6 46 1 0 59 1 1 0
10720 46 6 48 1 0 59 1 0 1
10730 46 6 48 1 0 59 1 0 1
10731 46 6 48 1 0 59 1 0 1
10732 46 6 48 1 0 59 1 0 1
10733 46 6 53 1 0 59 0 0 1
10810 47 6 46 1 0 58 1 1 0
10830 47 6 58 2 0 68 1 0 0
10831 47 6 1000 0 0 58 1 0 2
10832 47 6 1000 0 0 58 1 0 2
10833 47 6 1000 0 0 58 0 0 2
10834 47 6 50 1 0 58 0 0 0
11010 48 3 50 1 0 74 1 1 0
11011 48 3 50 1 0 74 1 1 0
11030 48 3 1000 0 0 74 0 0 0
11110 49 3 52 1 0 56 1 1 1
11130 49 3 1000 0 0 56 1 0 1
11131 49 3 1000 0 0 56 1 0 1
11210 50 3 52 1 0 62 1 0 0
11230 50 3 52 1 0 62 1 1 0
11231 50 3 51 2 0 62 0 0 0
11310 51 5 48 1 0 62 1 1 0
11320 51 5 1000 0 0 61 1 0 2
11321 51 5 1000 0 0 62 1 0 2
11322 51 5 1000 0 0 61 1 0 2
11323 51 5 1000 0 0 61 1 0 2
11410 52 3 53 1 1 71 1 1 1
11430 52 3 1000 -1 0 71 1 0 1
11431 52 3 1000 -1 0 71 1 0 1
11610 53 4 50 1 0 71 1 1 0
11630 53 4 52 1 0 71 1 0 0
11631 53 4 1000 -1 0 71 0 0 2
11632 53 4 1000 -1 0 71 0 0 2
11710 54 5 47 1 0 86 1 1 0
11730 54 5 50 2 0 86 1 0 2
11731 54 5 1000 0 0 83 0 0 2
11732 54 5 1000 0 0 86 0 0 2
11733 54 5 68 2 0 86 0 0 2
11810 55 3 51 1 0 62 1 1 0
11830 55 3 1000 0 1 61 1 0 1
11831 55 3 52 2 0 62 1 0 1
11910 56 5 49 1 0 62 1 1 0
11920 56 5 51 2 1 62 1 0 0
11930 56 5 1000 0 0 60 1 0 0
11931 56 5 1000 0 0 62 1 0 0
11932 56 5 1000 0 0 62 0 0 0
12010 57 3 50 1 0 62 1 1 0
12030 57 3 1000 0 0 58 1 0 1
12031 57 3 1000 -1 0 62 1 0 1
12110 58 5 44 1 0 62 1 1 0
12120 58 5 62 1 0 72 1 0 2
12130 58 5 1000 0 0 56 1 0 2
12131 58 5 1000 0 0 56 1 0 2
12132 58 5 43 1 0 62 0 0 2
12210 59 2 50 1 0 61 1 1 0
12230 59 2 1000 -1 0 61 1 0 1
12310 60 2 52 1 0 63 1 1 0
12320 60 2 1000 0 0 63 1 0 2
12410 61 3 50 1 0 61 1 1 0
12430 61 3 1000 0 0 61 1 0 2
12431 61 3 1000 0 0 61 0 0 2
12510 62 5 50 1 0 64 1 1 0
12520 62 5 50 2 0 64 1 0 0
12530 62 5 1000 0 0 57 0 0 0
12531 62 5 57 2 0 64 0 0 0
12532 62 5 1000 0 0 57 0 0 0
12710 63 6 41 1 0 64 1 1 0
12720 63 6 49 1 0 64 1 0 2
12721 63 6 46 1 0 64 1 0 2
12730 63 6 1000 0 0 57 1 0 2
12731 63 6 47 1 0 64 1 0 2
12732 63 6 49 1 0 64 1 0 2
12820 64 2 49 1 0 66 1 1 0
12830 64 2 52 1 0 66 1 0 0
13110 65 8 51 1 0 64 1 1 0
13120 65 8 55 2 1 64 1 0 2
13130 65 8 1000 -1 0 64 1 0 2
13131 65 8 1000 -1 0 64 0 0 2
13132 65 8 1000 -1 0 64 0 0 2
13133 65 8 48 1 0 64 1 0 2
13134 65 8 55 2 0 64 1 0 2
13135 65 8 55 2 0 64 1 0 2
17510 66 8 31 1 0 70 1 0 1
17520 66 8 52 1 0 70 1 0 1
17530 66 8 29 1 0 70 1 1 0
17531 66 8 29 1 0 70 1 0 1
17532 66 8 1000 -1 0 70 0 0 1
17533 66 8 32 1 0 70 0 0 1
17534 66 8 32 1 0 70 1 0 1
17535 66 8 32 1 0 70 1 0 1
17610 67 5 60 1 1 71 1 1 0
17630 67 5 1000 0 0 71 1 0 2
17631 67 5 1000 0 0 71 0 0 2
17632 67 5 1000 0 0 71 0 0 2
17633 67 5 1000 0 0 71 0 0 2
17720 68 3 63 1 0 73 1 0 2
17730 68 3 59 1 0 73 1 1 0
17731 68 3 63 1 0 73 1 0 2
18210 69 6 49 1 0 66 1 1 0
18220 69 6 62 1 0 66 1 0 2
18230 69 6 59 2 0 66 1 0 2
18231 69 6 58 2 0 66 1 0 2
18232 69 6 66 1 0 76 0 0 2
18233 69 6 66 1 0 76 0 0 2
18410 70 4 57 1 0 78 1 1 0
18420 70 4 63 1 0 78 1 0 0
18430 70 4 1000 -1 0 78 0 0 0
18431 70 4 71 1 0 78 0 0 0
18710 71 6 63 1 0 76 1 1 0
18730 71 6 1000 -1 0 76 1 0 0
18731 71 6 63 1 0 76 1 0 0
18732 71 6 65 2 0 76 1 0 0
18733 71 6 65 2 0 76 0 0 0
18734 71 6 65 2 0 76 0 0 0
19010 72 4 65 2 1 82 1 1 0
19030 72 4 1000 -1 1 82 1 0 0
19031 72 4 1000 -1 0 82 0 0 0
19032 72 4 1000 -1 0 82 1 0 0
19110 73 3 62 1 0 76 1 1 0
19120 73 3 65 2 0 76 1 0 0
19130 73 3 63 1 0 76 0 0 0
19210 74 5 66 1 0 76 1 1 0
19230 74 5 1000 0 0 76 1 0 2
19231 74 5 1000 0 0 76 1 0 2
19232 74 5 1000 0 0 76 1 0 2
19233 74 5 1000 0 0 76 0 0 2
19310 75 4 66 1 0 76 1 1 0
19330 75 4 1000 -1 0 76 1 0 2
19331 75 4 67 1 0 76 0 0 2
19332 75 4 67 1 0 76 1 0 2
19410 76 2 65 1 0 75 1 1 0
19430 76 2 1000 0 0 75 1 0 1
19510 77 2 67 1 0 78 1 1 0
19530 77 2 68 1 0 78 1 0 0
19610 78 3 65 1 0 79 1 1 0
19630 78 3 69 1 0 79 1 0 0
19631 78 3 69 1 0 79 1 0 0
19710 79 2 69 1 0 80 1 1 0
19730 79 2 72 1 0 80 1 0 2
19910 80 4 68 1 0 81 1 1 0
19930 80 4 1000 -1 1 81 1 0 0
19931 80 4 1000 -1 0 81 1 0 0
19932 80 4 1000 -1 1 81 1 0 0
20010 81 3 74 1 0 81 1 1 0
20030 81 3 1000 0 0 81 1 0 1
20031 81 3 1000 0 0 81 1 0 1
20110 82 4 74 1 0 82 1 1 0
20130 82 4 1000 -1 0 82 1 0 2
20131 82 4 1000 -1 0 82 0 0 2
20132 82 4 78 1 0 82 0 0 2
20310 83 4 72 2 0 79 1 1 0
20330 83 4 75 2 1 79 1 0 0
20331 83 4 79 2 0 89 0 0 0
20332 83 4 79 2 0 89 0 0 0
20510 84 8 72 1 0 102 1 1 0
20511 84 8 72 1 0 102 1 0 1
20512 84 8 72 1 0 102 1 0 1
20513 84 8 72 1 0 102 0 0 1
20514 84 8 1000 -1 0 102 0 0 1
20515 84 8 77 2 0 102 1 0 1
20516 84 8 70 1 0 102 1 0 1
20517 84 8 1000 -1 0 102 0 0 1
20710 85 3 71 1 0 85 1 1 0
20730 85 3 1000 -1 0 85 1 0 2
20731 85 3 1000 -1 0 85 1 0 2
20810 86 2 74 1 0 86 1 1 0
20830 86 2 1000 0 0 86 1 0 1
20910 87 4 73 1 0 86 1 1 0
20930 87 4 75 1 0 86 1 0 0
20931 87 4 75 1 0 86 1 0 0
20932 87 4 1000 -1 0 86 1 0 0
21110 88 2 75 1 0 91 1 1 0
21130 88 2 1000 -1 0 91 1 0 2
21710 89 3 85 1 0 92 1 1 0
21730 89 3 1000 0 0 92 1 0 2
21731 89 3 1000 0 0 90 1 0 2
21920 90 3 91 1 0 103 1 1 0
21930 90 3 1000 0 0 96 1 0 1
21931 90 3 1000 -1 0 103 1 0 2
22010 91 6 89 1 0 99 1 1 0
22030 91 6 91 1 0 99 1 0 0
22031 91 6 89 2 0 99 1 0 0
22032 91 6 89 2 0 99 1 0 0
22033 91 6 89 2 0 99 0 0 0
22034 91 6 90 2 0 99 0 0 0
22220 92 2 86 1 0 100 1 1 0
22230 92 2 1000 -1 0 100 1 0 2
22310 93 4 90 2 0 100 1 1 0
22320 93 4 92 1 0 100 1 0 0
22330 93 4 90 1 0 100 0 0 0
22331 93 4 90 1 0 100 0 0 0
22510 94 4 93 1 0 104 1 1 0
22520 94 4 1000 0 1 99 1 0 2
22521 94 4 1000 -1 1 104 1 0 1
22522 94 4 1000 -1 1 104 1 0 1
22720 95 3 96 1 0 104 1 1 0
22730 95 3 1000 0 0 104 1 0 0
22731 95 3 1000 0 0 104 0 0 0
23110 96 6 96 1 1 107 1 1 0
23120 96 6 1000 0 1 107 1 0 1
23130 96 6 1000 0 0 106 1 0 1
23131 96 6 1000 0 0 106 1 0 1
23132 96 6 1000 0 0 106 1 0 1
23133 96 6 1000 0 0 106 1 0 1
23310 97 2 105 1 1 117 1 1 0
23320 97 2 106 2 1 117 1 0 1
23410 98 7 103 1 0 117 1 1 0
23430 98 7 103 2 0 117 1 0 0
23431 98 7 102 1 0 117 1 0 0
23432 98 7 102 1 0 117 1 0 0
23433 98 7 1000 0 0 117 1 0 2
23434 98 7 102 1 0 117 1 0 0
23435 98 7 103 1 0 117 1 0 0
23510 99 4 44 1 0 65 1 1 0
23530 99 4 1000 -1 0 65 1 0 2
23531 99 4 1000 0 0 51 1 0 2
23532 99 4 1000 0 0 52 1 0 2
23710 100 5 107 2 0 117 1 1 0
23720 100 5 1000 0 1 113 1 0 0
23730 100 5 1000 -1 1 117 1 0 0
23731 100 5 1000 0 0 117 1 0 0
23732 100 5 1000 0 0 117 0 0 0
23810 101 5 111 2 0 119 0 1 0
23820 101 5 1000 0 1 119 1 0 0
23830 101 5 1000 -1 1 119 1 0 0
23831 101 5 1000 0 0 119 0 0 2
23832 101 5 1000 0 0 119 1 0 2
23910 102 5 110 1 0 125 1 1 2
23920 102 5 115 1 1 125 1 0 0
23930 102 5 1000 -1 0 125 0 0 2
23931 102 5 1000 -1 0 125 0 0 2
23932 102 5 1000 -1 0 125 0 0 2
24010 103 4 114 1 0 128 1 1 0
24020 103 4 1000 0 1 118 1 0 1
24030 103 4 1000 -1 1 128 1 0 1
24031 103 4 1000 0 0 128 0 0 1
24110 104 6 113 2 0 122 0 1 0
24120 104 6 1000 0 1 122 1 0 1
24130 104 6 1000 -1 1 122 1 0 1
24131 104 6 1000 -1 1 122 1 0 2
24132 104 6 1000 0 0 122 1 0 2
24133 104 6 1000 0 0 122 0 0 2
24210 105 4 113 2 1 123 1 1 0
24230 105 4 1000 -1 1 123 1 0 2
24231 105 4 1000 -1 0 123 0 0 2
24232 105 4 1000 -1 0 123 0 0 2
24310 106 4 122 2 0 135 0 0 0
24320 106 4 122 1 1 135 1 0 0
24330 106 4 1000 -1 1 135 1 0 0
24331 106 4 120 1 0 135 0 1 0
24510 107 4 128 2 0 138 1 1 0
24520 107 4 1000 0 1 138 1 0 0
24530 107 4 131 2 0 138 1 0 0
24531 107 4 1000 0 0 137 0 0 0
24620 108 2 146 2 1 148 1 1 0
24630 108 2 1000 0 1 148 1 0 2
24710 109 7 32 1 0 51 1 1 0
24720 109 7 37 1 0 51 1 0 0
24730 109 7 39 1 0 51 1 0 0
24731 109 7 39 2 0 51 0 0 0
24732 109 7 39 2 0 51 0 0 0
24733 109 7 1000 -1 0 51 0 0 0
24734 109 7 1000 -1 0 51 0 0 0
24810 110 3 40 1 0 51 1 1 0
24830 110 3 43 1 0 51 1 0 0
24831 110 3 1000 0 0 51 0 0 0
24910 111 8 37 1 0 54 1 0 1
24920 111 8 37 1 0 54 1 1 0
24930 111 8 41 1 0 54 1 0 1
24931 111 8 41 1 0 54 1 0 1
24932 111 8 1000 -1 0 54 1 0 1
24933 111 8 1000 -1 0 54 1 0 1
24934 111 8 1000 -1 0 54 1 0 1
24935 111 8 1000 -1 0 54 1 0 1
25010 112 5 40 1 0 54 1 1 0
25020 112 5 42 1 0 54 1 0 0
25030 112 5 42 1 0 54 1 0 0
25031 112 5 44 2 0 54 0 0 0
25032 112 5 44 2 0 54 0 0 0
25110 113 2 45 1 0 53 1 1 0
25130 113 2 1000 0 0 53 1 0 2
25210 114 2 38 1 0 52 1 1 0
25220 114 2 44 1 0 52 1 0 2
25310 115 6 40 1 0 52 1 1 0
25330 115 6 41 1 0 52 1 0 0
25331 115 6 40 1 0 52 1 0 0
25332 115 6 38 1 0 52 1 0 0
25333 115 6 41 1 0 52 1 0 0
25334 115 6 1000 0 0 52 1 0 0
25410 116 4 42 2 0 53 1 1 0
25430 116 4 1000 -1 0 53 1 0 2
25431 116 4 1000 -1 0 53 1 0 2
25432 116 4 1000 -1 0 53 0 0 2
25510 117 5 47 1 0 55 0 1 0
25520 117 5 50 1 0 55 1 0 0
2553 117 5 55 2 0 65 0 0 0
25530 117 5 41 1 0 55 1 0 0
25531 117 5 1000 -1 0 55 0 0 0
25610 118 5 39 1 0 52 1 1 0
25620 118 5 40 1 0 52 1 0 0
25630 118 5 42 1 0 52 1 0 0
25631 118 5 42 1 0 52 0 0 0
25632 118 5 42 2 0 52 0 0 0
25710 119 2 39 1 0 51 1 1 0
25730 119 2 39 1 0 51 1 0 0
25810 120 4 39 1 0 50 1 1 0
25830 120 4 1000 -1 0 50 1 0 2
25831 120 4 1000 -1 0 50 0 0 2
25832 120 4 1000 0 0 50 1 0 2
26210 121 3 44 2 0 53 1 1 0
26220 121 3 1000 0 0 53 1 0 0
26230 121 3 1000 0 0 53 0 0 0
26410 122 3 38 1 0 47 1 1 0
26430 122 3 1000 0 0 47 1 0 1
26431 122 3 1000 -1 0 47 1 0 1
26510 123 12 35 1 0 47 1 1 0
26530 123 12 1000 0 0 47 1 0 2
26531 123 12 1000 0 0 47 1 0 2
26532 123 12 40 2 0 47 0 0 2
26533 123 12 40 2 0 47 0 0 2
26534 123 12 40 2 0 47 0 0 2
26535 123 12 1000 0 0 47 1 0 2
26536 123 12 1000 0 0 47 1 0 2
26537 123 12 1000 0 0 47 1 0 2
26538 123 12 1000 0 0 47 1 0 2
26539 123 12 1000 0 0 47 1 0 2
26540 123 12 1000 0 0 47 1 0 2
26610 124 2 40 1 0 50 1 1 0
26630 124 2 1000 0 0 50 1 0 2
26710 125 7 36 1 0 51 1 1 0
26730 125 7 33 1 0 51 1 0 0
26731 125 7 37 1 0 51 1 0 0
26732 125 7 37 1 0 51 1 0 0
26733 125 7 42 2 0 51 0 0 0
26734 125 7 42 2 0 51 0 0 0
26735 125 7 39 1 0 51 0 0 0
26810 126 5 38 1 0 51 1 1 0
26830 126 5 39 1 0 51 1 0 0
26831 126 5 40 1 0 51 1 0 0
26832 126 5 40 1 0 51 1 0 0
26833 126 5 41 1 0 51 0 0 0
26910 127 3 33 1 0 50 1 1 0
26920 127 3 40 2 0 50 1 0 1
26930 127 3 1000 -1 0 50 1 0 2
27010 128 5 36 1 0 49 1 1 0
27030 128 5 38 1 0 49 1 0 0
27031 128 5 40 2 0 49 0 0 0
27032 128 5 40 2 0 49 0 0 0
27033 128 5 1000 0 0 49 0 0 0
27110 129 3 27 1 0 42 1 1 0
27130 129 3 1000 -1 0 42 1 0 2
27131 129 3 1000 -1 0 42 1 0 2
27210 130 5 36 2 0 46 0 1 0
27220 130 5 33 1 0 46 1 0 0
27230 130 5 1000 0 0 46 1 0 0
27231 130 5 1000 -1 0 46 0 0 0
27232 130 5 37 2 0 46 0 0 0
27310 131 7 26 1 0 47 0 1 0
27320 131 7 39 1 0 47 1 0 0
27330 131 7 38 1 0 47 1 0 0
27331 131 7 35 1 0 47 0 0 0
27332 131 7 29 1 0 47 0 0 0
27333 131 7 43 2 0 47 0 0 0
37234 131 7 1000 0 0 47 0 0 0
27410 132 4 32 1 0 45 1 1 0
27430 132 4 33 1 0 45 1 0 1
27432 132 4 1000 -1 0 45 1 0 1
27433 132 4 35 2 0 45 1 0 1
27510 133 6 30 1 0 42 1 1 0
27520 133 6 30 1 0 42 1 0 0
27530 133 6 1000 -1 0 42 1 0 2
27531 133 6 1000 -1 0 42 1 0 2
27532 133 6 1000 -1 0 42 1 0 2
27533 133 6 1000 -1 0 42 0 0 2
27610 134 5 33 2 0 45 0 1 0
27620 134 5 36 1 0 45 1 0 0
27630 134 5 40 1 0 45 1 0 0
27631 134 5 34 2 0 45 0 0 0
27632 134 5 34 2 0 45 0 0 0
27710 135 3 32 1 0 43 1 1 0
27730 135 3 1000 0 0 43 1 0 1
27731 135 3 1000 0 0 43 0 0 1
27810 136 3 31 2 0 43 1 1 0
27830 136 3 32 2 0 43 1 0 2
27831 136 3 34 2 0 43 1 0 2
27910 137 5 36 2 0 48 1 1 0
27930 137 5 38 2 0 48 1 0 2
27931 137 5 1000 -1 0 48 1 0 2
27932 137 5 1000 -1 0 48 1 0 2
27933 137 5 1000 -1 0 48 0 0 2
28010 138 3 37 1 0 51 1 1 0
28030 138 3 44 1 0 51 1 0 2
28031 138 3 42 1 0 51 1 0 2
28110 139 5 40 1 0 51 1 1 0
28130 139 5 1000 0 0 51 1 0 2
28131 139 5 1000 0 0 51 1 0 2
28132 139 5 1000 0 0 51 1 0 2
28133 139 5 1000 0 0 51 1 0 2
28210 140 5 34 1 0 43 1 1 0
28230 140 5 1000 0 0 43 1 0 2
28231 140 5 1000 0 0 43 1 0 2
28232 140 5 1000 0 0 43 1 0 2
28233 140 5 1000 0 0 43 0 0 2
28320 141 3 34 1 0 51 1 0 0
28330 141 3 31 1 0 51 0 1 0
28331 141 3 1000 0 0 51 0 0 0
28410 142 6 31 1 0 44 1 1 0
28430 142 6 1000 -1 0 44 1 0 2
28431 142 6 1000 -1 0 44 1 0 2
28432 142 6 1000 -1 0 44 1 0 2
28433 142 6 1000 0 0 44 1 0 1
28434 142 6 1000 0 0 44 1 0 1
28510 143 3 30 1 0 47 1 1 0
28520 143 3 40 1 0 47 1 0 1
28530 143 3 40 1 0 47 1 0 1
28610 144 5 29 1 0 40 1 1 0
28630 144 5 1000 0 0 40 1 0 1
28631 144 5 1000 0 0 40 1 0 1
28632 144 5 1000 0 0 40 1 0 1
28633 144 5 1000 0 0 40 1 0 1
28710 145 3 38 1 0 54 1 1 0
28720 145 3 38 1 0 54 1 0 0
28730 145 3 39 1 0 54 1 0 0
28810 146 12 34 2 0 46 1 1 0
28811 146 12 34 2 0 46 1 1 0
28812 146 12 34 2 0 46 0 1 0
28820 146 12 37 2 0 46 1 0 0
28830 146 12 1000 0 0 42 1 0 0
28831 146 12 37 2 0 46 1 0 0
28832 146 12 37 2 0 46 1 0 0
28833 146 12 1000 0 0 42 1 0 0
28834 146 12 37 2 0 46 0 0 0
28835 146 12 1000 0 0 42 0 0 0
28836 146 12 1000 0 0 42 0 0 0
28837 146 12 37 2 0 46 0 0 0
28910 147 3 36 1 0 47 1 1 0
28930 147 3 1000 0 0 46 1 0 0
28931 147 3 1000 0 0 47 0 0 0
29010 148 2 32 1 0 46 1 1 0
29030 148 2 36 1 0 46 1 0 2
